d2 length=5151 coefs
d  length= 686 coefs

 ini     :  R, NV =   6, MO =  2, NP =  94, PO =  1
 *******************************************************
     I   COEFFICIENT             ORDER   EXPONENTS
     1   5.2359877559829882E-01    0     0 0  0 0  0 0
     2   1.0000000000000000E+00    1     1 0  0 0  0 0
     3   1.0000000000000000E+00    1     0 1  0 0  0 0
     4   1.0000000000000000E+00    1     0 0  1 0  0 0
     5   1.0000000000000000E+00    1     0 0  0 1  0 0
     6   1.0000000000000000E+00    1     0 0  0 0  1 0
     7   1.0000000000000000E+00    1     0 0  0 0  0 1
     8   1.0000000000000000E+00    1     0 0  0 0  0 0  7^1
     9   1.0000000000000000E+00    1     0 0  0 0  0 0  8^1
    10   1.0000000000000000E+00    1     0 0  0 0  0 0  9^1
    11   1.0000000000000000E+00    1     0 0  0 0  0 0  10^1
    12   1.0000000000000000E+00    1     0 0  0 0  0 0  11^1
    13   1.0000000000000000E+00    1     0 0  0 0  0 0  12^1
    14   1.0000000000000000E+00    1     0 0  0 0  0 0  13^1
    15   1.0000000000000000E+00    1     0 0  0 0  0 0  14^1
    16   1.0000000000000000E+00    1     0 0  0 0  0 0  15^1
    17   1.0000000000000000E+00    1     0 0  0 0  0 0  16^1
    18   1.0000000000000000E+00    1     0 0  0 0  0 0  17^1
    19   1.0000000000000000E+00    1     0 0  0 0  0 0  18^1
    20   1.0000000000000000E+00    1     0 0  0 0  0 0  19^1
    21   1.0000000000000000E+00    1     0 0  0 0  0 0  20^1
    22   1.0000000000000000E+00    1     0 0  0 0  0 0  21^1
    23   1.0000000000000000E+00    1     0 0  0 0  0 0  22^1
    24   1.0000000000000000E+00    1     0 0  0 0  0 0  23^1
    25   1.0000000000000000E+00    1     0 0  0 0  0 0  24^1
    26   1.0000000000000000E+00    1     0 0  0 0  0 0  25^1
    27   1.0000000000000000E+00    1     0 0  0 0  0 0  26^1
    28   1.0000000000000000E+00    1     0 0  0 0  0 0  27^1
    29   1.0000000000000000E+00    1     0 0  0 0  0 0  28^1
    30   1.0000000000000000E+00    1     0 0  0 0  0 0  29^1
    31   1.0000000000000000E+00    1     0 0  0 0  0 0  30^1
    32   1.0000000000000000E+00    1     0 0  0 0  0 0  31^1
    33   1.0000000000000000E+00    1     0 0  0 0  0 0  32^1
    34   1.0000000000000000E+00    1     0 0  0 0  0 0  33^1
    35   1.0000000000000000E+00    1     0 0  0 0  0 0  34^1
    36   1.0000000000000000E+00    1     0 0  0 0  0 0  35^1
    37   1.0000000000000000E+00    1     0 0  0 0  0 0  36^1
    38   1.0000000000000000E+00    1     0 0  0 0  0 0  37^1
    39   1.0000000000000000E+00    1     0 0  0 0  0 0  38^1
    40   1.0000000000000000E+00    1     0 0  0 0  0 0  39^1
    41   1.0000000000000000E+00    1     0 0  0 0  0 0  40^1
    42   1.0000000000000000E+00    1     0 0  0 0  0 0  41^1
    43   1.0000000000000000E+00    1     0 0  0 0  0 0  42^1
    44   1.0000000000000000E+00    1     0 0  0 0  0 0  43^1
    45   1.0000000000000000E+00    1     0 0  0 0  0 0  44^1
    46   1.0000000000000000E+00    1     0 0  0 0  0 0  45^1
    47   1.0000000000000000E+00    1     0 0  0 0  0 0  46^1
    48   1.0000000000000000E+00    1     0 0  0 0  0 0  47^1
    49   1.0000000000000000E+00    1     0 0  0 0  0 0  48^1
    50   1.0000000000000000E+00    1     0 0  0 0  0 0  49^1
    51   1.0000000000000000E+00    1     0 0  0 0  0 0  50^1
    52   1.0000000000000000E+00    1     0 0  0 0  0 0  51^1
    53   1.0000000000000000E+00    1     0 0  0 0  0 0  52^1
    54   1.0000000000000000E+00    1     0 0  0 0  0 0  53^1
    55   1.0000000000000000E+00    1     0 0  0 0  0 0  54^1
    56   1.0000000000000000E+00    1     0 0  0 0  0 0  55^1
    57   1.0000000000000000E+00    1     0 0  0 0  0 0  56^1
    58   1.0000000000000000E+00    1     0 0  0 0  0 0  57^1
    59   1.0000000000000000E+00    1     0 0  0 0  0 0  58^1
    60   1.0000000000000000E+00    1     0 0  0 0  0 0  59^1
    61   1.0000000000000000E+00    1     0 0  0 0  0 0  60^1
    62   1.0000000000000000E+00    1     0 0  0 0  0 0  61^1
    63   1.0000000000000000E+00    1     0 0  0 0  0 0  62^1
    64   1.0000000000000000E+00    1     0 0  0 0  0 0  63^1
    65   1.0000000000000000E+00    1     0 0  0 0  0 0  64^1
    66   1.0000000000000000E+00    1     0 0  0 0  0 0  65^1
    67   1.0000000000000000E+00    1     0 0  0 0  0 0  66^1
    68   1.0000000000000000E+00    1     0 0  0 0  0 0  67^1
    69   1.0000000000000000E+00    1     0 0  0 0  0 0  68^1
    70   1.0000000000000000E+00    1     0 0  0 0  0 0  69^1
    71   1.0000000000000000E+00    1     0 0  0 0  0 0  70^1
    72   1.0000000000000000E+00    1     0 0  0 0  0 0  71^1
    73   1.0000000000000000E+00    1     0 0  0 0  0 0  72^1
    74   1.0000000000000000E+00    1     0 0  0 0  0 0  73^1
    75   1.0000000000000000E+00    1     0 0  0 0  0 0  74^1
    76   1.0000000000000000E+00    1     0 0  0 0  0 0  75^1
    77   1.0000000000000000E+00    1     0 0  0 0  0 0  76^1
    78   1.0000000000000000E+00    1     0 0  0 0  0 0  77^1
    79   1.0000000000000000E+00    1     0 0  0 0  0 0  78^1
    80   1.0000000000000000E+00    1     0 0  0 0  0 0  79^1
    81   1.0000000000000000E+00    1     0 0  0 0  0 0  80^1
    82   1.0000000000000000E+00    1     0 0  0 0  0 0  81^1
    83   1.0000000000000000E+00    1     0 0  0 0  0 0  82^1
    84   1.0000000000000000E+00    1     0 0  0 0  0 0  83^1
    85   1.0000000000000000E+00    1     0 0  0 0  0 0  84^1
    86   1.0000000000000000E+00    1     0 0  0 0  0 0  85^1
    87   1.0000000000000000E+00    1     0 0  0 0  0 0  86^1
    88   1.0000000000000000E+00    1     0 0  0 0  0 0  87^1
    89   1.0000000000000000E+00    1     0 0  0 0  0 0  88^1
    90   1.0000000000000000E+00    1     0 0  0 0  0 0  89^1
    91   1.0000000000000000E+00    1     0 0  0 0  0 0  90^1
    92   1.0000000000000000E+00    1     0 0  0 0  0 0  91^1
    93   1.0000000000000000E+00    1     0 0  0 0  0 0  92^1
    94   1.0000000000000000E+00    1     0 0  0 0  0 0  93^1
    95   1.0000000000000000E+00    1     0 0  0 0  0 0  94^1
    96   1.0000000000000000E+00    1     0 0  0 0  0 0  95^1
    97   1.0000000000000000E+00    1     0 0  0 0  0 0  96^1
    98   1.0000000000000000E+00    1     0 0  0 0  0 0  97^1
    99   1.0000000000000000E+00    1     0 0  0 0  0 0  98^1
   100   1.0000000000000000E+00    1     0 0  0 0  0 0  99^1
   101   1.0000000000000000E+00    1     0 0  0 0  0 0  100^1

 sin     :  R, NV =   6, MO =  2, NP =  94, PO =  1
 *******************************************************
     I   COEFFICIENT             ORDER   EXPONENTS
     1   4.9999999999999994E-01    0     0 0  0 0  0 0
     2   8.6602540378443871E-01    1     1 0  0 0  0 0
     3   8.6602540378443871E-01    1     0 1  0 0  0 0
     4   8.6602540378443871E-01    1     0 0  1 0  0 0
     5   8.6602540378443871E-01    1     0 0  0 1  0 0
     6   8.6602540378443871E-01    1     0 0  0 0  1 0
     7   8.6602540378443871E-01    1     0 0  0 0  0 1
     8   8.6602540378443871E-01    1     0 0  0 0  0 0  7^1
     9   8.6602540378443871E-01    1     0 0  0 0  0 0  8^1
    10   8.6602540378443871E-01    1     0 0  0 0  0 0  9^1
    11   8.6602540378443871E-01    1     0 0  0 0  0 0  10^1
    12   8.6602540378443871E-01    1     0 0  0 0  0 0  11^1
    13   8.6602540378443871E-01    1     0 0  0 0  0 0  12^1
    14   8.6602540378443871E-01    1     0 0  0 0  0 0  13^1
    15   8.6602540378443871E-01    1     0 0  0 0  0 0  14^1
    16   8.6602540378443871E-01    1     0 0  0 0  0 0  15^1
    17   8.6602540378443871E-01    1     0 0  0 0  0 0  16^1
    18   8.6602540378443871E-01    1     0 0  0 0  0 0  17^1
    19   8.6602540378443871E-01    1     0 0  0 0  0 0  18^1
    20   8.6602540378443871E-01    1     0 0  0 0  0 0  19^1
    21   8.6602540378443871E-01    1     0 0  0 0  0 0  20^1
    22   8.6602540378443871E-01    1     0 0  0 0  0 0  21^1
    23   8.6602540378443871E-01    1     0 0  0 0  0 0  22^1
    24   8.6602540378443871E-01    1     0 0  0 0  0 0  23^1
    25   8.6602540378443871E-01    1     0 0  0 0  0 0  24^1
    26   8.6602540378443871E-01    1     0 0  0 0  0 0  25^1
    27   8.6602540378443871E-01    1     0 0  0 0  0 0  26^1
    28   8.6602540378443871E-01    1     0 0  0 0  0 0  27^1
    29   8.6602540378443871E-01    1     0 0  0 0  0 0  28^1
    30   8.6602540378443871E-01    1     0 0  0 0  0 0  29^1
    31   8.6602540378443871E-01    1     0 0  0 0  0 0  30^1
    32   8.6602540378443871E-01    1     0 0  0 0  0 0  31^1
    33   8.6602540378443871E-01    1     0 0  0 0  0 0  32^1
    34   8.6602540378443871E-01    1     0 0  0 0  0 0  33^1
    35   8.6602540378443871E-01    1     0 0  0 0  0 0  34^1
    36   8.6602540378443871E-01    1     0 0  0 0  0 0  35^1
    37   8.6602540378443871E-01    1     0 0  0 0  0 0  36^1
    38   8.6602540378443871E-01    1     0 0  0 0  0 0  37^1
    39   8.6602540378443871E-01    1     0 0  0 0  0 0  38^1
    40   8.6602540378443871E-01    1     0 0  0 0  0 0  39^1
    41   8.6602540378443871E-01    1     0 0  0 0  0 0  40^1
    42   8.6602540378443871E-01    1     0 0  0 0  0 0  41^1
    43   8.6602540378443871E-01    1     0 0  0 0  0 0  42^1
    44   8.6602540378443871E-01    1     0 0  0 0  0 0  43^1
    45   8.6602540378443871E-01    1     0 0  0 0  0 0  44^1
    46   8.6602540378443871E-01    1     0 0  0 0  0 0  45^1
    47   8.6602540378443871E-01    1     0 0  0 0  0 0  46^1
    48   8.6602540378443871E-01    1     0 0  0 0  0 0  47^1
    49   8.6602540378443871E-01    1     0 0  0 0  0 0  48^1
    50   8.6602540378443871E-01    1     0 0  0 0  0 0  49^1
    51   8.6602540378443871E-01    1     0 0  0 0  0 0  50^1
    52   8.6602540378443871E-01    1     0 0  0 0  0 0  51^1
    53   8.6602540378443871E-01    1     0 0  0 0  0 0  52^1
    54   8.6602540378443871E-01    1     0 0  0 0  0 0  53^1
    55   8.6602540378443871E-01    1     0 0  0 0  0 0  54^1
    56   8.6602540378443871E-01    1     0 0  0 0  0 0  55^1
    57   8.6602540378443871E-01    1     0 0  0 0  0 0  56^1
    58   8.6602540378443871E-01    1     0 0  0 0  0 0  57^1
    59   8.6602540378443871E-01    1     0 0  0 0  0 0  58^1
    60   8.6602540378443871E-01    1     0 0  0 0  0 0  59^1
    61   8.6602540378443871E-01    1     0 0  0 0  0 0  60^1
    62   8.6602540378443871E-01    1     0 0  0 0  0 0  61^1
    63   8.6602540378443871E-01    1     0 0  0 0  0 0  62^1
    64   8.6602540378443871E-01    1     0 0  0 0  0 0  63^1
    65   8.6602540378443871E-01    1     0 0  0 0  0 0  64^1
    66   8.6602540378443871E-01    1     0 0  0 0  0 0  65^1
    67   8.6602540378443871E-01    1     0 0  0 0  0 0  66^1
    68   8.6602540378443871E-01    1     0 0  0 0  0 0  67^1
    69   8.6602540378443871E-01    1     0 0  0 0  0 0  68^1
    70   8.6602540378443871E-01    1     0 0  0 0  0 0  69^1
    71   8.6602540378443871E-01    1     0 0  0 0  0 0  70^1
    72   8.6602540378443871E-01    1     0 0  0 0  0 0  71^1
    73   8.6602540378443871E-01    1     0 0  0 0  0 0  72^1
    74   8.6602540378443871E-01    1     0 0  0 0  0 0  73^1
    75   8.6602540378443871E-01    1     0 0  0 0  0 0  74^1
    76   8.6602540378443871E-01    1     0 0  0 0  0 0  75^1
    77   8.6602540378443871E-01    1     0 0  0 0  0 0  76^1
    78   8.6602540378443871E-01    1     0 0  0 0  0 0  77^1
    79   8.6602540378443871E-01    1     0 0  0 0  0 0  78^1
    80   8.6602540378443871E-01    1     0 0  0 0  0 0  79^1
    81   8.6602540378443871E-01    1     0 0  0 0  0 0  80^1
    82   8.6602540378443871E-01    1     0 0  0 0  0 0  81^1
    83   8.6602540378443871E-01    1     0 0  0 0  0 0  82^1
    84   8.6602540378443871E-01    1     0 0  0 0  0 0  83^1
    85   8.6602540378443871E-01    1     0 0  0 0  0 0  84^1
    86   8.6602540378443871E-01    1     0 0  0 0  0 0  85^1
    87   8.6602540378443871E-01    1     0 0  0 0  0 0  86^1
    88   8.6602540378443871E-01    1     0 0  0 0  0 0  87^1
    89   8.6602540378443871E-01    1     0 0  0 0  0 0  88^1
    90   8.6602540378443871E-01    1     0 0  0 0  0 0  89^1
    91   8.6602540378443871E-01    1     0 0  0 0  0 0  90^1
    92   8.6602540378443871E-01    1     0 0  0 0  0 0  91^1
    93   8.6602540378443871E-01    1     0 0  0 0  0 0  92^1
    94   8.6602540378443871E-01    1     0 0  0 0  0 0  93^1
    95   8.6602540378443871E-01    1     0 0  0 0  0 0  94^1
    96   8.6602540378443871E-01    1     0 0  0 0  0 0  95^1
    97   8.6602540378443871E-01    1     0 0  0 0  0 0  96^1
    98   8.6602540378443871E-01    1     0 0  0 0  0 0  97^1
    99   8.6602540378443871E-01    1     0 0  0 0  0 0  98^1
   100   8.6602540378443871E-01    1     0 0  0 0  0 0  99^1
   101   8.6602540378443871E-01    1     0 0  0 0  0 0  100^1
   102  -2.4999999999999997E-01    2     2 0  0 0  0 0
   103  -4.9999999999999994E-01    2     1 1  0 0  0 0
   104  -2.4999999999999997E-01    2     0 2  0 0  0 0
   105  -4.9999999999999994E-01    2     1 0  1 0  0 0
   106  -4.9999999999999994E-01    2     0 1  1 0  0 0
   107  -2.4999999999999997E-01    2     0 0  2 0  0 0
   108  -4.9999999999999994E-01    2     1 0  0 1  0 0
   109  -4.9999999999999994E-01    2     0 1  0 1  0 0
   110  -4.9999999999999994E-01    2     0 0  1 1  0 0
   111  -2.4999999999999997E-01    2     0 0  0 2  0 0
   112  -4.9999999999999994E-01    2     1 0  0 0  1 0
   113  -4.9999999999999994E-01    2     0 1  0 0  1 0
   114  -4.9999999999999994E-01    2     0 0  1 0  1 0
   115  -4.9999999999999994E-01    2     0 0  0 1  1 0
   116  -2.4999999999999997E-01    2     0 0  0 0  2 0
   117  -4.9999999999999994E-01    2     1 0  0 0  0 1
   118  -4.9999999999999994E-01    2     0 1  0 0  0 1
   119  -4.9999999999999994E-01    2     0 0  1 0  0 1
   120  -4.9999999999999994E-01    2     0 0  0 1  0 1
   121  -4.9999999999999994E-01    2     0 0  0 0  1 1
   122  -2.4999999999999997E-01    2     0 0  0 0  0 2
   123  -4.9999999999999994E-01    2     1 0  0 0  0 0  7^1
   124  -4.9999999999999994E-01    2     0 1  0 0  0 0  7^1
   125  -4.9999999999999994E-01    2     0 0  1 0  0 0  7^1
   126  -4.9999999999999994E-01    2     0 0  0 1  0 0  7^1
   127  -4.9999999999999994E-01    2     0 0  0 0  1 0  7^1
   128  -4.9999999999999994E-01    2     0 0  0 0  0 1  7^1
   129  -4.9999999999999994E-01    2     1 0  0 0  0 0  8^1
   130  -4.9999999999999994E-01    2     0 1  0 0  0 0  8^1
   131  -4.9999999999999994E-01    2     0 0  1 0  0 0  8^1
   132  -4.9999999999999994E-01    2     0 0  0 1  0 0  8^1
   133  -4.9999999999999994E-01    2     0 0  0 0  1 0  8^1
   134  -4.9999999999999994E-01    2     0 0  0 0  0 1  8^1
   135  -4.9999999999999994E-01    2     1 0  0 0  0 0  9^1
   136  -4.9999999999999994E-01    2     0 1  0 0  0 0  9^1
   137  -4.9999999999999994E-01    2     0 0  1 0  0 0  9^1
   138  -4.9999999999999994E-01    2     0 0  0 1  0 0  9^1
   139  -4.9999999999999994E-01    2     0 0  0 0  1 0  9^1
   140  -4.9999999999999994E-01    2     0 0  0 0  0 1  9^1
   141  -4.9999999999999994E-01    2     1 0  0 0  0 0  10^1
   142  -4.9999999999999994E-01    2     0 1  0 0  0 0  10^1
   143  -4.9999999999999994E-01    2     0 0  1 0  0 0  10^1
   144  -4.9999999999999994E-01    2     0 0  0 1  0 0  10^1
   145  -4.9999999999999994E-01    2     0 0  0 0  1 0  10^1
   146  -4.9999999999999994E-01    2     0 0  0 0  0 1  10^1
   147  -4.9999999999999994E-01    2     1 0  0 0  0 0  11^1
   148  -4.9999999999999994E-01    2     0 1  0 0  0 0  11^1
   149  -4.9999999999999994E-01    2     0 0  1 0  0 0  11^1
   150  -4.9999999999999994E-01    2     0 0  0 1  0 0  11^1
   151  -4.9999999999999994E-01    2     0 0  0 0  1 0  11^1
   152  -4.9999999999999994E-01    2     0 0  0 0  0 1  11^1
   153  -4.9999999999999994E-01    2     1 0  0 0  0 0  12^1
   154  -4.9999999999999994E-01    2     0 1  0 0  0 0  12^1
   155  -4.9999999999999994E-01    2     0 0  1 0  0 0  12^1
   156  -4.9999999999999994E-01    2     0 0  0 1  0 0  12^1
   157  -4.9999999999999994E-01    2     0 0  0 0  1 0  12^1
   158  -4.9999999999999994E-01    2     0 0  0 0  0 1  12^1
   159  -4.9999999999999994E-01    2     1 0  0 0  0 0  13^1
   160  -4.9999999999999994E-01    2     0 1  0 0  0 0  13^1
   161  -4.9999999999999994E-01    2     0 0  1 0  0 0  13^1
   162  -4.9999999999999994E-01    2     0 0  0 1  0 0  13^1
   163  -4.9999999999999994E-01    2     0 0  0 0  1 0  13^1
   164  -4.9999999999999994E-01    2     0 0  0 0  0 1  13^1
   165  -4.9999999999999994E-01    2     1 0  0 0  0 0  14^1
   166  -4.9999999999999994E-01    2     0 1  0 0  0 0  14^1
   167  -4.9999999999999994E-01    2     0 0  1 0  0 0  14^1
   168  -4.9999999999999994E-01    2     0 0  0 1  0 0  14^1
   169  -4.9999999999999994E-01    2     0 0  0 0  1 0  14^1
   170  -4.9999999999999994E-01    2     0 0  0 0  0 1  14^1
   171  -4.9999999999999994E-01    2     1 0  0 0  0 0  15^1
   172  -4.9999999999999994E-01    2     0 1  0 0  0 0  15^1
   173  -4.9999999999999994E-01    2     0 0  1 0  0 0  15^1
   174  -4.9999999999999994E-01    2     0 0  0 1  0 0  15^1
   175  -4.9999999999999994E-01    2     0 0  0 0  1 0  15^1
   176  -4.9999999999999994E-01    2     0 0  0 0  0 1  15^1
   177  -4.9999999999999994E-01    2     1 0  0 0  0 0  16^1
   178  -4.9999999999999994E-01    2     0 1  0 0  0 0  16^1
   179  -4.9999999999999994E-01    2     0 0  1 0  0 0  16^1
   180  -4.9999999999999994E-01    2     0 0  0 1  0 0  16^1
   181  -4.9999999999999994E-01    2     0 0  0 0  1 0  16^1
   182  -4.9999999999999994E-01    2     0 0  0 0  0 1  16^1
   183  -4.9999999999999994E-01    2     1 0  0 0  0 0  17^1
   184  -4.9999999999999994E-01    2     0 1  0 0  0 0  17^1
   185  -4.9999999999999994E-01    2     0 0  1 0  0 0  17^1
   186  -4.9999999999999994E-01    2     0 0  0 1  0 0  17^1
   187  -4.9999999999999994E-01    2     0 0  0 0  1 0  17^1
   188  -4.9999999999999994E-01    2     0 0  0 0  0 1  17^1
   189  -4.9999999999999994E-01    2     1 0  0 0  0 0  18^1
   190  -4.9999999999999994E-01    2     0 1  0 0  0 0  18^1
   191  -4.9999999999999994E-01    2     0 0  1 0  0 0  18^1
   192  -4.9999999999999994E-01    2     0 0  0 1  0 0  18^1
   193  -4.9999999999999994E-01    2     0 0  0 0  1 0  18^1
   194  -4.9999999999999994E-01    2     0 0  0 0  0 1  18^1
   195  -4.9999999999999994E-01    2     1 0  0 0  0 0  19^1
   196  -4.9999999999999994E-01    2     0 1  0 0  0 0  19^1
   197  -4.9999999999999994E-01    2     0 0  1 0  0 0  19^1
   198  -4.9999999999999994E-01    2     0 0  0 1  0 0  19^1
   199  -4.9999999999999994E-01    2     0 0  0 0  1 0  19^1
   200  -4.9999999999999994E-01    2     0 0  0 0  0 1  19^1
   201  -4.9999999999999994E-01    2     1 0  0 0  0 0  20^1
   202  -4.9999999999999994E-01    2     0 1  0 0  0 0  20^1
   203  -4.9999999999999994E-01    2     0 0  1 0  0 0  20^1
   204  -4.9999999999999994E-01    2     0 0  0 1  0 0  20^1
   205  -4.9999999999999994E-01    2     0 0  0 0  1 0  20^1
   206  -4.9999999999999994E-01    2     0 0  0 0  0 1  20^1
   207  -4.9999999999999994E-01    2     1 0  0 0  0 0  21^1
   208  -4.9999999999999994E-01    2     0 1  0 0  0 0  21^1
   209  -4.9999999999999994E-01    2     0 0  1 0  0 0  21^1
   210  -4.9999999999999994E-01    2     0 0  0 1  0 0  21^1
   211  -4.9999999999999994E-01    2     0 0  0 0  1 0  21^1
   212  -4.9999999999999994E-01    2     0 0  0 0  0 1  21^1
   213  -4.9999999999999994E-01    2     1 0  0 0  0 0  22^1
   214  -4.9999999999999994E-01    2     0 1  0 0  0 0  22^1
   215  -4.9999999999999994E-01    2     0 0  1 0  0 0  22^1
   216  -4.9999999999999994E-01    2     0 0  0 1  0 0  22^1
   217  -4.9999999999999994E-01    2     0 0  0 0  1 0  22^1
   218  -4.9999999999999994E-01    2     0 0  0 0  0 1  22^1
   219  -4.9999999999999994E-01    2     1 0  0 0  0 0  23^1
   220  -4.9999999999999994E-01    2     0 1  0 0  0 0  23^1
   221  -4.9999999999999994E-01    2     0 0  1 0  0 0  23^1
   222  -4.9999999999999994E-01    2     0 0  0 1  0 0  23^1
   223  -4.9999999999999994E-01    2     0 0  0 0  1 0  23^1
   224  -4.9999999999999994E-01    2     0 0  0 0  0 1  23^1
   225  -4.9999999999999994E-01    2     1 0  0 0  0 0  24^1
   226  -4.9999999999999994E-01    2     0 1  0 0  0 0  24^1
   227  -4.9999999999999994E-01    2     0 0  1 0  0 0  24^1
   228  -4.9999999999999994E-01    2     0 0  0 1  0 0  24^1
   229  -4.9999999999999994E-01    2     0 0  0 0  1 0  24^1
   230  -4.9999999999999994E-01    2     0 0  0 0  0 1  24^1
   231  -4.9999999999999994E-01    2     1 0  0 0  0 0  25^1
   232  -4.9999999999999994E-01    2     0 1  0 0  0 0  25^1
   233  -4.9999999999999994E-01    2     0 0  1 0  0 0  25^1
   234  -4.9999999999999994E-01    2     0 0  0 1  0 0  25^1
   235  -4.9999999999999994E-01    2     0 0  0 0  1 0  25^1
   236  -4.9999999999999994E-01    2     0 0  0 0  0 1  25^1
   237  -4.9999999999999994E-01    2     1 0  0 0  0 0  26^1
   238  -4.9999999999999994E-01    2     0 1  0 0  0 0  26^1
   239  -4.9999999999999994E-01    2     0 0  1 0  0 0  26^1
   240  -4.9999999999999994E-01    2     0 0  0 1  0 0  26^1
   241  -4.9999999999999994E-01    2     0 0  0 0  1 0  26^1
   242  -4.9999999999999994E-01    2     0 0  0 0  0 1  26^1
   243  -4.9999999999999994E-01    2     1 0  0 0  0 0  27^1
   244  -4.9999999999999994E-01    2     0 1  0 0  0 0  27^1
   245  -4.9999999999999994E-01    2     0 0  1 0  0 0  27^1
   246  -4.9999999999999994E-01    2     0 0  0 1  0 0  27^1
   247  -4.9999999999999994E-01    2     0 0  0 0  1 0  27^1
   248  -4.9999999999999994E-01    2     0 0  0 0  0 1  27^1
   249  -4.9999999999999994E-01    2     1 0  0 0  0 0  28^1
   250  -4.9999999999999994E-01    2     0 1  0 0  0 0  28^1
   251  -4.9999999999999994E-01    2     0 0  1 0  0 0  28^1
   252  -4.9999999999999994E-01    2     0 0  0 1  0 0  28^1
   253  -4.9999999999999994E-01    2     0 0  0 0  1 0  28^1
   254  -4.9999999999999994E-01    2     0 0  0 0  0 1  28^1
   255  -4.9999999999999994E-01    2     1 0  0 0  0 0  29^1
   256  -4.9999999999999994E-01    2     0 1  0 0  0 0  29^1
   257  -4.9999999999999994E-01    2     0 0  1 0  0 0  29^1
   258  -4.9999999999999994E-01    2     0 0  0 1  0 0  29^1
   259  -4.9999999999999994E-01    2     0 0  0 0  1 0  29^1
   260  -4.9999999999999994E-01    2     0 0  0 0  0 1  29^1
   261  -4.9999999999999994E-01    2     1 0  0 0  0 0  30^1
   262  -4.9999999999999994E-01    2     0 1  0 0  0 0  30^1
   263  -4.9999999999999994E-01    2     0 0  1 0  0 0  30^1
   264  -4.9999999999999994E-01    2     0 0  0 1  0 0  30^1
   265  -4.9999999999999994E-01    2     0 0  0 0  1 0  30^1
   266  -4.9999999999999994E-01    2     0 0  0 0  0 1  30^1
   267  -4.9999999999999994E-01    2     1 0  0 0  0 0  31^1
   268  -4.9999999999999994E-01    2     0 1  0 0  0 0  31^1
   269  -4.9999999999999994E-01    2     0 0  1 0  0 0  31^1
   270  -4.9999999999999994E-01    2     0 0  0 1  0 0  31^1
   271  -4.9999999999999994E-01    2     0 0  0 0  1 0  31^1
   272  -4.9999999999999994E-01    2     0 0  0 0  0 1  31^1
   273  -4.9999999999999994E-01    2     1 0  0 0  0 0  32^1
   274  -4.9999999999999994E-01    2     0 1  0 0  0 0  32^1
   275  -4.9999999999999994E-01    2     0 0  1 0  0 0  32^1
   276  -4.9999999999999994E-01    2     0 0  0 1  0 0  32^1
   277  -4.9999999999999994E-01    2     0 0  0 0  1 0  32^1
   278  -4.9999999999999994E-01    2     0 0  0 0  0 1  32^1
   279  -4.9999999999999994E-01    2     1 0  0 0  0 0  33^1
   280  -4.9999999999999994E-01    2     0 1  0 0  0 0  33^1
   281  -4.9999999999999994E-01    2     0 0  1 0  0 0  33^1
   282  -4.9999999999999994E-01    2     0 0  0 1  0 0  33^1
   283  -4.9999999999999994E-01    2     0 0  0 0  1 0  33^1
   284  -4.9999999999999994E-01    2     0 0  0 0  0 1  33^1
   285  -4.9999999999999994E-01    2     1 0  0 0  0 0  34^1
   286  -4.9999999999999994E-01    2     0 1  0 0  0 0  34^1
   287  -4.9999999999999994E-01    2     0 0  1 0  0 0  34^1
   288  -4.9999999999999994E-01    2     0 0  0 1  0 0  34^1
   289  -4.9999999999999994E-01    2     0 0  0 0  1 0  34^1
   290  -4.9999999999999994E-01    2     0 0  0 0  0 1  34^1
   291  -4.9999999999999994E-01    2     1 0  0 0  0 0  35^1
   292  -4.9999999999999994E-01    2     0 1  0 0  0 0  35^1
   293  -4.9999999999999994E-01    2     0 0  1 0  0 0  35^1
   294  -4.9999999999999994E-01    2     0 0  0 1  0 0  35^1
   295  -4.9999999999999994E-01    2     0 0  0 0  1 0  35^1
   296  -4.9999999999999994E-01    2     0 0  0 0  0 1  35^1
   297  -4.9999999999999994E-01    2     1 0  0 0  0 0  36^1
   298  -4.9999999999999994E-01    2     0 1  0 0  0 0  36^1
   299  -4.9999999999999994E-01    2     0 0  1 0  0 0  36^1
   300  -4.9999999999999994E-01    2     0 0  0 1  0 0  36^1
   301  -4.9999999999999994E-01    2     0 0  0 0  1 0  36^1
   302  -4.9999999999999994E-01    2     0 0  0 0  0 1  36^1
   303  -4.9999999999999994E-01    2     1 0  0 0  0 0  37^1
   304  -4.9999999999999994E-01    2     0 1  0 0  0 0  37^1
   305  -4.9999999999999994E-01    2     0 0  1 0  0 0  37^1
   306  -4.9999999999999994E-01    2     0 0  0 1  0 0  37^1
   307  -4.9999999999999994E-01    2     0 0  0 0  1 0  37^1
   308  -4.9999999999999994E-01    2     0 0  0 0  0 1  37^1
   309  -4.9999999999999994E-01    2     1 0  0 0  0 0  38^1
   310  -4.9999999999999994E-01    2     0 1  0 0  0 0  38^1
   311  -4.9999999999999994E-01    2     0 0  1 0  0 0  38^1
   312  -4.9999999999999994E-01    2     0 0  0 1  0 0  38^1
   313  -4.9999999999999994E-01    2     0 0  0 0  1 0  38^1
   314  -4.9999999999999994E-01    2     0 0  0 0  0 1  38^1
   315  -4.9999999999999994E-01    2     1 0  0 0  0 0  39^1
   316  -4.9999999999999994E-01    2     0 1  0 0  0 0  39^1
   317  -4.9999999999999994E-01    2     0 0  1 0  0 0  39^1
   318  -4.9999999999999994E-01    2     0 0  0 1  0 0  39^1
   319  -4.9999999999999994E-01    2     0 0  0 0  1 0  39^1
   320  -4.9999999999999994E-01    2     0 0  0 0  0 1  39^1
   321  -4.9999999999999994E-01    2     1 0  0 0  0 0  40^1
   322  -4.9999999999999994E-01    2     0 1  0 0  0 0  40^1
   323  -4.9999999999999994E-01    2     0 0  1 0  0 0  40^1
   324  -4.9999999999999994E-01    2     0 0  0 1  0 0  40^1
   325  -4.9999999999999994E-01    2     0 0  0 0  1 0  40^1
   326  -4.9999999999999994E-01    2     0 0  0 0  0 1  40^1
   327  -4.9999999999999994E-01    2     1 0  0 0  0 0  41^1
   328  -4.9999999999999994E-01    2     0 1  0 0  0 0  41^1
   329  -4.9999999999999994E-01    2     0 0  1 0  0 0  41^1
   330  -4.9999999999999994E-01    2     0 0  0 1  0 0  41^1
   331  -4.9999999999999994E-01    2     0 0  0 0  1 0  41^1
   332  -4.9999999999999994E-01    2     0 0  0 0  0 1  41^1
   333  -4.9999999999999994E-01    2     1 0  0 0  0 0  42^1
   334  -4.9999999999999994E-01    2     0 1  0 0  0 0  42^1
   335  -4.9999999999999994E-01    2     0 0  1 0  0 0  42^1
   336  -4.9999999999999994E-01    2     0 0  0 1  0 0  42^1
   337  -4.9999999999999994E-01    2     0 0  0 0  1 0  42^1
   338  -4.9999999999999994E-01    2     0 0  0 0  0 1  42^1
   339  -4.9999999999999994E-01    2     1 0  0 0  0 0  43^1
   340  -4.9999999999999994E-01    2     0 1  0 0  0 0  43^1
   341  -4.9999999999999994E-01    2     0 0  1 0  0 0  43^1
   342  -4.9999999999999994E-01    2     0 0  0 1  0 0  43^1
   343  -4.9999999999999994E-01    2     0 0  0 0  1 0  43^1
   344  -4.9999999999999994E-01    2     0 0  0 0  0 1  43^1
   345  -4.9999999999999994E-01    2     1 0  0 0  0 0  44^1
   346  -4.9999999999999994E-01    2     0 1  0 0  0 0  44^1
   347  -4.9999999999999994E-01    2     0 0  1 0  0 0  44^1
   348  -4.9999999999999994E-01    2     0 0  0 1  0 0  44^1
   349  -4.9999999999999994E-01    2     0 0  0 0  1 0  44^1
   350  -4.9999999999999994E-01    2     0 0  0 0  0 1  44^1
   351  -4.9999999999999994E-01    2     1 0  0 0  0 0  45^1
   352  -4.9999999999999994E-01    2     0 1  0 0  0 0  45^1
   353  -4.9999999999999994E-01    2     0 0  1 0  0 0  45^1
   354  -4.9999999999999994E-01    2     0 0  0 1  0 0  45^1
   355  -4.9999999999999994E-01    2     0 0  0 0  1 0  45^1
   356  -4.9999999999999994E-01    2     0 0  0 0  0 1  45^1
   357  -4.9999999999999994E-01    2     1 0  0 0  0 0  46^1
   358  -4.9999999999999994E-01    2     0 1  0 0  0 0  46^1
   359  -4.9999999999999994E-01    2     0 0  1 0  0 0  46^1
   360  -4.9999999999999994E-01    2     0 0  0 1  0 0  46^1
   361  -4.9999999999999994E-01    2     0 0  0 0  1 0  46^1
   362  -4.9999999999999994E-01    2     0 0  0 0  0 1  46^1
   363  -4.9999999999999994E-01    2     1 0  0 0  0 0  47^1
   364  -4.9999999999999994E-01    2     0 1  0 0  0 0  47^1
   365  -4.9999999999999994E-01    2     0 0  1 0  0 0  47^1
   366  -4.9999999999999994E-01    2     0 0  0 1  0 0  47^1
   367  -4.9999999999999994E-01    2     0 0  0 0  1 0  47^1
   368  -4.9999999999999994E-01    2     0 0  0 0  0 1  47^1
   369  -4.9999999999999994E-01    2     1 0  0 0  0 0  48^1
   370  -4.9999999999999994E-01    2     0 1  0 0  0 0  48^1
   371  -4.9999999999999994E-01    2     0 0  1 0  0 0  48^1
   372  -4.9999999999999994E-01    2     0 0  0 1  0 0  48^1
   373  -4.9999999999999994E-01    2     0 0  0 0  1 0  48^1
   374  -4.9999999999999994E-01    2     0 0  0 0  0 1  48^1
   375  -4.9999999999999994E-01    2     1 0  0 0  0 0  49^1
   376  -4.9999999999999994E-01    2     0 1  0 0  0 0  49^1
   377  -4.9999999999999994E-01    2     0 0  1 0  0 0  49^1
   378  -4.9999999999999994E-01    2     0 0  0 1  0 0  49^1
   379  -4.9999999999999994E-01    2     0 0  0 0  1 0  49^1
   380  -4.9999999999999994E-01    2     0 0  0 0  0 1  49^1
   381  -4.9999999999999994E-01    2     1 0  0 0  0 0  50^1
   382  -4.9999999999999994E-01    2     0 1  0 0  0 0  50^1
   383  -4.9999999999999994E-01    2     0 0  1 0  0 0  50^1
   384  -4.9999999999999994E-01    2     0 0  0 1  0 0  50^1
   385  -4.9999999999999994E-01    2     0 0  0 0  1 0  50^1
   386  -4.9999999999999994E-01    2     0 0  0 0  0 1  50^1
   387  -4.9999999999999994E-01    2     1 0  0 0  0 0  51^1
   388  -4.9999999999999994E-01    2     0 1  0 0  0 0  51^1
   389  -4.9999999999999994E-01    2     0 0  1 0  0 0  51^1
   390  -4.9999999999999994E-01    2     0 0  0 1  0 0  51^1
   391  -4.9999999999999994E-01    2     0 0  0 0  1 0  51^1
   392  -4.9999999999999994E-01    2     0 0  0 0  0 1  51^1
   393  -4.9999999999999994E-01    2     1 0  0 0  0 0  52^1
   394  -4.9999999999999994E-01    2     0 1  0 0  0 0  52^1
   395  -4.9999999999999994E-01    2     0 0  1 0  0 0  52^1
   396  -4.9999999999999994E-01    2     0 0  0 1  0 0  52^1
   397  -4.9999999999999994E-01    2     0 0  0 0  1 0  52^1
   398  -4.9999999999999994E-01    2     0 0  0 0  0 1  52^1
   399  -4.9999999999999994E-01    2     1 0  0 0  0 0  53^1
   400  -4.9999999999999994E-01    2     0 1  0 0  0 0  53^1
   401  -4.9999999999999994E-01    2     0 0  1 0  0 0  53^1
   402  -4.9999999999999994E-01    2     0 0  0 1  0 0  53^1
   403  -4.9999999999999994E-01    2     0 0  0 0  1 0  53^1
   404  -4.9999999999999994E-01    2     0 0  0 0  0 1  53^1
   405  -4.9999999999999994E-01    2     1 0  0 0  0 0  54^1
   406  -4.9999999999999994E-01    2     0 1  0 0  0 0  54^1
   407  -4.9999999999999994E-01    2     0 0  1 0  0 0  54^1
   408  -4.9999999999999994E-01    2     0 0  0 1  0 0  54^1
   409  -4.9999999999999994E-01    2     0 0  0 0  1 0  54^1
   410  -4.9999999999999994E-01    2     0 0  0 0  0 1  54^1
   411  -4.9999999999999994E-01    2     1 0  0 0  0 0  55^1
   412  -4.9999999999999994E-01    2     0 1  0 0  0 0  55^1
   413  -4.9999999999999994E-01    2     0 0  1 0  0 0  55^1
   414  -4.9999999999999994E-01    2     0 0  0 1  0 0  55^1
   415  -4.9999999999999994E-01    2     0 0  0 0  1 0  55^1
   416  -4.9999999999999994E-01    2     0 0  0 0  0 1  55^1
   417  -4.9999999999999994E-01    2     1 0  0 0  0 0  56^1
   418  -4.9999999999999994E-01    2     0 1  0 0  0 0  56^1
   419  -4.9999999999999994E-01    2     0 0  1 0  0 0  56^1
   420  -4.9999999999999994E-01    2     0 0  0 1  0 0  56^1
   421  -4.9999999999999994E-01    2     0 0  0 0  1 0  56^1
   422  -4.9999999999999994E-01    2     0 0  0 0  0 1  56^1
   423  -4.9999999999999994E-01    2     1 0  0 0  0 0  57^1
   424  -4.9999999999999994E-01    2     0 1  0 0  0 0  57^1
   425  -4.9999999999999994E-01    2     0 0  1 0  0 0  57^1
   426  -4.9999999999999994E-01    2     0 0  0 1  0 0  57^1
   427  -4.9999999999999994E-01    2     0 0  0 0  1 0  57^1
   428  -4.9999999999999994E-01    2     0 0  0 0  0 1  57^1
   429  -4.9999999999999994E-01    2     1 0  0 0  0 0  58^1
   430  -4.9999999999999994E-01    2     0 1  0 0  0 0  58^1
   431  -4.9999999999999994E-01    2     0 0  1 0  0 0  58^1
   432  -4.9999999999999994E-01    2     0 0  0 1  0 0  58^1
   433  -4.9999999999999994E-01    2     0 0  0 0  1 0  58^1
   434  -4.9999999999999994E-01    2     0 0  0 0  0 1  58^1
   435  -4.9999999999999994E-01    2     1 0  0 0  0 0  59^1
   436  -4.9999999999999994E-01    2     0 1  0 0  0 0  59^1
   437  -4.9999999999999994E-01    2     0 0  1 0  0 0  59^1
   438  -4.9999999999999994E-01    2     0 0  0 1  0 0  59^1
   439  -4.9999999999999994E-01    2     0 0  0 0  1 0  59^1
   440  -4.9999999999999994E-01    2     0 0  0 0  0 1  59^1
   441  -4.9999999999999994E-01    2     1 0  0 0  0 0  60^1
   442  -4.9999999999999994E-01    2     0 1  0 0  0 0  60^1
   443  -4.9999999999999994E-01    2     0 0  1 0  0 0  60^1
   444  -4.9999999999999994E-01    2     0 0  0 1  0 0  60^1
   445  -4.9999999999999994E-01    2     0 0  0 0  1 0  60^1
   446  -4.9999999999999994E-01    2     0 0  0 0  0 1  60^1
   447  -4.9999999999999994E-01    2     1 0  0 0  0 0  61^1
   448  -4.9999999999999994E-01    2     0 1  0 0  0 0  61^1
   449  -4.9999999999999994E-01    2     0 0  1 0  0 0  61^1
   450  -4.9999999999999994E-01    2     0 0  0 1  0 0  61^1
   451  -4.9999999999999994E-01    2     0 0  0 0  1 0  61^1
   452  -4.9999999999999994E-01    2     0 0  0 0  0 1  61^1
   453  -4.9999999999999994E-01    2     1 0  0 0  0 0  62^1
   454  -4.9999999999999994E-01    2     0 1  0 0  0 0  62^1
   455  -4.9999999999999994E-01    2     0 0  1 0  0 0  62^1
   456  -4.9999999999999994E-01    2     0 0  0 1  0 0  62^1
   457  -4.9999999999999994E-01    2     0 0  0 0  1 0  62^1
   458  -4.9999999999999994E-01    2     0 0  0 0  0 1  62^1
   459  -4.9999999999999994E-01    2     1 0  0 0  0 0  63^1
   460  -4.9999999999999994E-01    2     0 1  0 0  0 0  63^1
   461  -4.9999999999999994E-01    2     0 0  1 0  0 0  63^1
   462  -4.9999999999999994E-01    2     0 0  0 1  0 0  63^1
   463  -4.9999999999999994E-01    2     0 0  0 0  1 0  63^1
   464  -4.9999999999999994E-01    2     0 0  0 0  0 1  63^1
   465  -4.9999999999999994E-01    2     1 0  0 0  0 0  64^1
   466  -4.9999999999999994E-01    2     0 1  0 0  0 0  64^1
   467  -4.9999999999999994E-01    2     0 0  1 0  0 0  64^1
   468  -4.9999999999999994E-01    2     0 0  0 1  0 0  64^1
   469  -4.9999999999999994E-01    2     0 0  0 0  1 0  64^1
   470  -4.9999999999999994E-01    2     0 0  0 0  0 1  64^1
   471  -4.9999999999999994E-01    2     1 0  0 0  0 0  65^1
   472  -4.9999999999999994E-01    2     0 1  0 0  0 0  65^1
   473  -4.9999999999999994E-01    2     0 0  1 0  0 0  65^1
   474  -4.9999999999999994E-01    2     0 0  0 1  0 0  65^1
   475  -4.9999999999999994E-01    2     0 0  0 0  1 0  65^1
   476  -4.9999999999999994E-01    2     0 0  0 0  0 1  65^1
   477  -4.9999999999999994E-01    2     1 0  0 0  0 0  66^1
   478  -4.9999999999999994E-01    2     0 1  0 0  0 0  66^1
   479  -4.9999999999999994E-01    2     0 0  1 0  0 0  66^1
   480  -4.9999999999999994E-01    2     0 0  0 1  0 0  66^1
   481  -4.9999999999999994E-01    2     0 0  0 0  1 0  66^1
   482  -4.9999999999999994E-01    2     0 0  0 0  0 1  66^1
   483  -4.9999999999999994E-01    2     1 0  0 0  0 0  67^1
   484  -4.9999999999999994E-01    2     0 1  0 0  0 0  67^1
   485  -4.9999999999999994E-01    2     0 0  1 0  0 0  67^1
   486  -4.9999999999999994E-01    2     0 0  0 1  0 0  67^1
   487  -4.9999999999999994E-01    2     0 0  0 0  1 0  67^1
   488  -4.9999999999999994E-01    2     0 0  0 0  0 1  67^1
   489  -4.9999999999999994E-01    2     1 0  0 0  0 0  68^1
   490  -4.9999999999999994E-01    2     0 1  0 0  0 0  68^1
   491  -4.9999999999999994E-01    2     0 0  1 0  0 0  68^1
   492  -4.9999999999999994E-01    2     0 0  0 1  0 0  68^1
   493  -4.9999999999999994E-01    2     0 0  0 0  1 0  68^1
   494  -4.9999999999999994E-01    2     0 0  0 0  0 1  68^1
   495  -4.9999999999999994E-01    2     1 0  0 0  0 0  69^1
   496  -4.9999999999999994E-01    2     0 1  0 0  0 0  69^1
   497  -4.9999999999999994E-01    2     0 0  1 0  0 0  69^1
   498  -4.9999999999999994E-01    2     0 0  0 1  0 0  69^1
   499  -4.9999999999999994E-01    2     0 0  0 0  1 0  69^1
   500  -4.9999999999999994E-01    2     0 0  0 0  0 1  69^1
   501  -4.9999999999999994E-01    2     1 0  0 0  0 0  70^1
   502  -4.9999999999999994E-01    2     0 1  0 0  0 0  70^1
   503  -4.9999999999999994E-01    2     0 0  1 0  0 0  70^1
   504  -4.9999999999999994E-01    2     0 0  0 1  0 0  70^1
   505  -4.9999999999999994E-01    2     0 0  0 0  1 0  70^1
   506  -4.9999999999999994E-01    2     0 0  0 0  0 1  70^1
   507  -4.9999999999999994E-01    2     1 0  0 0  0 0  71^1
   508  -4.9999999999999994E-01    2     0 1  0 0  0 0  71^1
   509  -4.9999999999999994E-01    2     0 0  1 0  0 0  71^1
   510  -4.9999999999999994E-01    2     0 0  0 1  0 0  71^1
   511  -4.9999999999999994E-01    2     0 0  0 0  1 0  71^1
   512  -4.9999999999999994E-01    2     0 0  0 0  0 1  71^1
   513  -4.9999999999999994E-01    2     1 0  0 0  0 0  72^1
   514  -4.9999999999999994E-01    2     0 1  0 0  0 0  72^1
   515  -4.9999999999999994E-01    2     0 0  1 0  0 0  72^1
   516  -4.9999999999999994E-01    2     0 0  0 1  0 0  72^1
   517  -4.9999999999999994E-01    2     0 0  0 0  1 0  72^1
   518  -4.9999999999999994E-01    2     0 0  0 0  0 1  72^1
   519  -4.9999999999999994E-01    2     1 0  0 0  0 0  73^1
   520  -4.9999999999999994E-01    2     0 1  0 0  0 0  73^1
   521  -4.9999999999999994E-01    2     0 0  1 0  0 0  73^1
   522  -4.9999999999999994E-01    2     0 0  0 1  0 0  73^1
   523  -4.9999999999999994E-01    2     0 0  0 0  1 0  73^1
   524  -4.9999999999999994E-01    2     0 0  0 0  0 1  73^1
   525  -4.9999999999999994E-01    2     1 0  0 0  0 0  74^1
   526  -4.9999999999999994E-01    2     0 1  0 0  0 0  74^1
   527  -4.9999999999999994E-01    2     0 0  1 0  0 0  74^1
   528  -4.9999999999999994E-01    2     0 0  0 1  0 0  74^1
   529  -4.9999999999999994E-01    2     0 0  0 0  1 0  74^1
   530  -4.9999999999999994E-01    2     0 0  0 0  0 1  74^1
   531  -4.9999999999999994E-01    2     1 0  0 0  0 0  75^1
   532  -4.9999999999999994E-01    2     0 1  0 0  0 0  75^1
   533  -4.9999999999999994E-01    2     0 0  1 0  0 0  75^1
   534  -4.9999999999999994E-01    2     0 0  0 1  0 0  75^1
   535  -4.9999999999999994E-01    2     0 0  0 0  1 0  75^1
   536  -4.9999999999999994E-01    2     0 0  0 0  0 1  75^1
   537  -4.9999999999999994E-01    2     1 0  0 0  0 0  76^1
   538  -4.9999999999999994E-01    2     0 1  0 0  0 0  76^1
   539  -4.9999999999999994E-01    2     0 0  1 0  0 0  76^1
   540  -4.9999999999999994E-01    2     0 0  0 1  0 0  76^1
   541  -4.9999999999999994E-01    2     0 0  0 0  1 0  76^1
   542  -4.9999999999999994E-01    2     0 0  0 0  0 1  76^1
   543  -4.9999999999999994E-01    2     1 0  0 0  0 0  77^1
   544  -4.9999999999999994E-01    2     0 1  0 0  0 0  77^1
   545  -4.9999999999999994E-01    2     0 0  1 0  0 0  77^1
   546  -4.9999999999999994E-01    2     0 0  0 1  0 0  77^1
   547  -4.9999999999999994E-01    2     0 0  0 0  1 0  77^1
   548  -4.9999999999999994E-01    2     0 0  0 0  0 1  77^1
   549  -4.9999999999999994E-01    2     1 0  0 0  0 0  78^1
   550  -4.9999999999999994E-01    2     0 1  0 0  0 0  78^1
   551  -4.9999999999999994E-01    2     0 0  1 0  0 0  78^1
   552  -4.9999999999999994E-01    2     0 0  0 1  0 0  78^1
   553  -4.9999999999999994E-01    2     0 0  0 0  1 0  78^1
   554  -4.9999999999999994E-01    2     0 0  0 0  0 1  78^1
   555  -4.9999999999999994E-01    2     1 0  0 0  0 0  79^1
   556  -4.9999999999999994E-01    2     0 1  0 0  0 0  79^1
   557  -4.9999999999999994E-01    2     0 0  1 0  0 0  79^1
   558  -4.9999999999999994E-01    2     0 0  0 1  0 0  79^1
   559  -4.9999999999999994E-01    2     0 0  0 0  1 0  79^1
   560  -4.9999999999999994E-01    2     0 0  0 0  0 1  79^1
   561  -4.9999999999999994E-01    2     1 0  0 0  0 0  80^1
   562  -4.9999999999999994E-01    2     0 1  0 0  0 0  80^1
   563  -4.9999999999999994E-01    2     0 0  1 0  0 0  80^1
   564  -4.9999999999999994E-01    2     0 0  0 1  0 0  80^1
   565  -4.9999999999999994E-01    2     0 0  0 0  1 0  80^1
   566  -4.9999999999999994E-01    2     0 0  0 0  0 1  80^1
   567  -4.9999999999999994E-01    2     1 0  0 0  0 0  81^1
   568  -4.9999999999999994E-01    2     0 1  0 0  0 0  81^1
   569  -4.9999999999999994E-01    2     0 0  1 0  0 0  81^1
   570  -4.9999999999999994E-01    2     0 0  0 1  0 0  81^1
   571  -4.9999999999999994E-01    2     0 0  0 0  1 0  81^1
   572  -4.9999999999999994E-01    2     0 0  0 0  0 1  81^1
   573  -4.9999999999999994E-01    2     1 0  0 0  0 0  82^1
   574  -4.9999999999999994E-01    2     0 1  0 0  0 0  82^1
   575  -4.9999999999999994E-01    2     0 0  1 0  0 0  82^1
   576  -4.9999999999999994E-01    2     0 0  0 1  0 0  82^1
   577  -4.9999999999999994E-01    2     0 0  0 0  1 0  82^1
   578  -4.9999999999999994E-01    2     0 0  0 0  0 1  82^1
   579  -4.9999999999999994E-01    2     1 0  0 0  0 0  83^1
   580  -4.9999999999999994E-01    2     0 1  0 0  0 0  83^1
   581  -4.9999999999999994E-01    2     0 0  1 0  0 0  83^1
   582  -4.9999999999999994E-01    2     0 0  0 1  0 0  83^1
   583  -4.9999999999999994E-01    2     0 0  0 0  1 0  83^1
   584  -4.9999999999999994E-01    2     0 0  0 0  0 1  83^1
   585  -4.9999999999999994E-01    2     1 0  0 0  0 0  84^1
   586  -4.9999999999999994E-01    2     0 1  0 0  0 0  84^1
   587  -4.9999999999999994E-01    2     0 0  1 0  0 0  84^1
   588  -4.9999999999999994E-01    2     0 0  0 1  0 0  84^1
   589  -4.9999999999999994E-01    2     0 0  0 0  1 0  84^1
   590  -4.9999999999999994E-01    2     0 0  0 0  0 1  84^1
   591  -4.9999999999999994E-01    2     1 0  0 0  0 0  85^1
   592  -4.9999999999999994E-01    2     0 1  0 0  0 0  85^1
   593  -4.9999999999999994E-01    2     0 0  1 0  0 0  85^1
   594  -4.9999999999999994E-01    2     0 0  0 1  0 0  85^1
   595  -4.9999999999999994E-01    2     0 0  0 0  1 0  85^1
   596  -4.9999999999999994E-01    2     0 0  0 0  0 1  85^1
   597  -4.9999999999999994E-01    2     1 0  0 0  0 0  86^1
   598  -4.9999999999999994E-01    2     0 1  0 0  0 0  86^1
   599  -4.9999999999999994E-01    2     0 0  1 0  0 0  86^1
   600  -4.9999999999999994E-01    2     0 0  0 1  0 0  86^1
   601  -4.9999999999999994E-01    2     0 0  0 0  1 0  86^1
   602  -4.9999999999999994E-01    2     0 0  0 0  0 1  86^1
   603  -4.9999999999999994E-01    2     1 0  0 0  0 0  87^1
   604  -4.9999999999999994E-01    2     0 1  0 0  0 0  87^1
   605  -4.9999999999999994E-01    2     0 0  1 0  0 0  87^1
   606  -4.9999999999999994E-01    2     0 0  0 1  0 0  87^1
   607  -4.9999999999999994E-01    2     0 0  0 0  1 0  87^1
   608  -4.9999999999999994E-01    2     0 0  0 0  0 1  87^1
   609  -4.9999999999999994E-01    2     1 0  0 0  0 0  88^1
   610  -4.9999999999999994E-01    2     0 1  0 0  0 0  88^1
   611  -4.9999999999999994E-01    2     0 0  1 0  0 0  88^1
   612  -4.9999999999999994E-01    2     0 0  0 1  0 0  88^1
   613  -4.9999999999999994E-01    2     0 0  0 0  1 0  88^1
   614  -4.9999999999999994E-01    2     0 0  0 0  0 1  88^1
   615  -4.9999999999999994E-01    2     1 0  0 0  0 0  89^1
   616  -4.9999999999999994E-01    2     0 1  0 0  0 0  89^1
   617  -4.9999999999999994E-01    2     0 0  1 0  0 0  89^1
   618  -4.9999999999999994E-01    2     0 0  0 1  0 0  89^1
   619  -4.9999999999999994E-01    2     0 0  0 0  1 0  89^1
   620  -4.9999999999999994E-01    2     0 0  0 0  0 1  89^1
   621  -4.9999999999999994E-01    2     1 0  0 0  0 0  90^1
   622  -4.9999999999999994E-01    2     0 1  0 0  0 0  90^1
   623  -4.9999999999999994E-01    2     0 0  1 0  0 0  90^1
   624  -4.9999999999999994E-01    2     0 0  0 1  0 0  90^1
   625  -4.9999999999999994E-01    2     0 0  0 0  1 0  90^1
   626  -4.9999999999999994E-01    2     0 0  0 0  0 1  90^1
   627  -4.9999999999999994E-01    2     1 0  0 0  0 0  91^1
   628  -4.9999999999999994E-01    2     0 1  0 0  0 0  91^1
   629  -4.9999999999999994E-01    2     0 0  1 0  0 0  91^1
   630  -4.9999999999999994E-01    2     0 0  0 1  0 0  91^1
   631  -4.9999999999999994E-01    2     0 0  0 0  1 0  91^1
   632  -4.9999999999999994E-01    2     0 0  0 0  0 1  91^1
   633  -4.9999999999999994E-01    2     1 0  0 0  0 0  92^1
   634  -4.9999999999999994E-01    2     0 1  0 0  0 0  92^1
   635  -4.9999999999999994E-01    2     0 0  1 0  0 0  92^1
   636  -4.9999999999999994E-01    2     0 0  0 1  0 0  92^1
   637  -4.9999999999999994E-01    2     0 0  0 0  1 0  92^1
   638  -4.9999999999999994E-01    2     0 0  0 0  0 1  92^1
   639  -4.9999999999999994E-01    2     1 0  0 0  0 0  93^1
   640  -4.9999999999999994E-01    2     0 1  0 0  0 0  93^1
   641  -4.9999999999999994E-01    2     0 0  1 0  0 0  93^1
   642  -4.9999999999999994E-01    2     0 0  0 1  0 0  93^1
   643  -4.9999999999999994E-01    2     0 0  0 0  1 0  93^1
   644  -4.9999999999999994E-01    2     0 0  0 0  0 1  93^1
   645  -4.9999999999999994E-01    2     1 0  0 0  0 0  94^1
   646  -4.9999999999999994E-01    2     0 1  0 0  0 0  94^1
   647  -4.9999999999999994E-01    2     0 0  1 0  0 0  94^1
   648  -4.9999999999999994E-01    2     0 0  0 1  0 0  94^1
   649  -4.9999999999999994E-01    2     0 0  0 0  1 0  94^1
   650  -4.9999999999999994E-01    2     0 0  0 0  0 1  94^1
   651  -4.9999999999999994E-01    2     1 0  0 0  0 0  95^1
   652  -4.9999999999999994E-01    2     0 1  0 0  0 0  95^1
   653  -4.9999999999999994E-01    2     0 0  1 0  0 0  95^1
   654  -4.9999999999999994E-01    2     0 0  0 1  0 0  95^1
   655  -4.9999999999999994E-01    2     0 0  0 0  1 0  95^1
   656  -4.9999999999999994E-01    2     0 0  0 0  0 1  95^1
   657  -4.9999999999999994E-01    2     1 0  0 0  0 0  96^1
   658  -4.9999999999999994E-01    2     0 1  0 0  0 0  96^1
   659  -4.9999999999999994E-01    2     0 0  1 0  0 0  96^1
   660  -4.9999999999999994E-01    2     0 0  0 1  0 0  96^1
   661  -4.9999999999999994E-01    2     0 0  0 0  1 0  96^1
   662  -4.9999999999999994E-01    2     0 0  0 0  0 1  96^1
   663  -4.9999999999999994E-01    2     1 0  0 0  0 0  97^1
   664  -4.9999999999999994E-01    2     0 1  0 0  0 0  97^1
   665  -4.9999999999999994E-01    2     0 0  1 0  0 0  97^1
   666  -4.9999999999999994E-01    2     0 0  0 1  0 0  97^1
   667  -4.9999999999999994E-01    2     0 0  0 0  1 0  97^1
   668  -4.9999999999999994E-01    2     0 0  0 0  0 1  97^1
   669  -4.9999999999999994E-01    2     1 0  0 0  0 0  98^1
   670  -4.9999999999999994E-01    2     0 1  0 0  0 0  98^1
   671  -4.9999999999999994E-01    2     0 0  1 0  0 0  98^1
   672  -4.9999999999999994E-01    2     0 0  0 1  0 0  98^1
   673  -4.9999999999999994E-01    2     0 0  0 0  1 0  98^1
   674  -4.9999999999999994E-01    2     0 0  0 0  0 1  98^1
   675  -4.9999999999999994E-01    2     1 0  0 0  0 0  99^1
   676  -4.9999999999999994E-01    2     0 1  0 0  0 0  99^1
   677  -4.9999999999999994E-01    2     0 0  1 0  0 0  99^1
   678  -4.9999999999999994E-01    2     0 0  0 1  0 0  99^1
   679  -4.9999999999999994E-01    2     0 0  0 0  1 0  99^1
   680  -4.9999999999999994E-01    2     0 0  0 0  0 1  99^1
   681  -4.9999999999999994E-01    2     1 0  0 0  0 0  100^1
   682  -4.9999999999999994E-01    2     0 1  0 0  0 0  100^1
   683  -4.9999999999999994E-01    2     0 0  1 0  0 0  100^1
   684  -4.9999999999999994E-01    2     0 0  0 1  0 0  100^1
   685  -4.9999999999999994E-01    2     0 0  0 0  1 0  100^1
   686  -4.9999999999999994E-01    2     0 0  0 0  0 1  100^1

 asin    :  R, NV =   6, MO =  2, NP =  94, PO =  1
 *******************************************************
     I   COEFFICIENT             ORDER   EXPONENTS
     1   5.2359877559829882E-01    0     0 0  0 0  0 0
     2   1.0000000000000002E+00    1     1 0  0 0  0 0
     3   1.0000000000000002E+00    1     0 1  0 0  0 0
     4   1.0000000000000002E+00    1     0 0  1 0  0 0
     5   1.0000000000000002E+00    1     0 0  0 1  0 0
     6   1.0000000000000002E+00    1     0 0  0 0  1 0
     7   1.0000000000000002E+00    1     0 0  0 0  0 1
     8   1.0000000000000002E+00    1     0 0  0 0  0 0  7^1
     9   1.0000000000000002E+00    1     0 0  0 0  0 0  8^1
    10   1.0000000000000002E+00    1     0 0  0 0  0 0  9^1
    11   1.0000000000000002E+00    1     0 0  0 0  0 0  10^1
    12   1.0000000000000002E+00    1     0 0  0 0  0 0  11^1
    13   1.0000000000000002E+00    1     0 0  0 0  0 0  12^1
    14   1.0000000000000002E+00    1     0 0  0 0  0 0  13^1
    15   1.0000000000000002E+00    1     0 0  0 0  0 0  14^1
    16   1.0000000000000002E+00    1     0 0  0 0  0 0  15^1
    17   1.0000000000000002E+00    1     0 0  0 0  0 0  16^1
    18   1.0000000000000002E+00    1     0 0  0 0  0 0  17^1
    19   1.0000000000000002E+00    1     0 0  0 0  0 0  18^1
    20   1.0000000000000002E+00    1     0 0  0 0  0 0  19^1
    21   1.0000000000000002E+00    1     0 0  0 0  0 0  20^1
    22   1.0000000000000002E+00    1     0 0  0 0  0 0  21^1
    23   1.0000000000000002E+00    1     0 0  0 0  0 0  22^1
    24   1.0000000000000002E+00    1     0 0  0 0  0 0  23^1
    25   1.0000000000000002E+00    1     0 0  0 0  0 0  24^1
    26   1.0000000000000002E+00    1     0 0  0 0  0 0  25^1
    27   1.0000000000000002E+00    1     0 0  0 0  0 0  26^1
    28   1.0000000000000002E+00    1     0 0  0 0  0 0  27^1
    29   1.0000000000000002E+00    1     0 0  0 0  0 0  28^1
    30   1.0000000000000002E+00    1     0 0  0 0  0 0  29^1
    31   1.0000000000000002E+00    1     0 0  0 0  0 0  30^1
    32   1.0000000000000002E+00    1     0 0  0 0  0 0  31^1
    33   1.0000000000000002E+00    1     0 0  0 0  0 0  32^1
    34   1.0000000000000002E+00    1     0 0  0 0  0 0  33^1
    35   1.0000000000000002E+00    1     0 0  0 0  0 0  34^1
    36   1.0000000000000002E+00    1     0 0  0 0  0 0  35^1
    37   1.0000000000000002E+00    1     0 0  0 0  0 0  36^1
    38   1.0000000000000002E+00    1     0 0  0 0  0 0  37^1
    39   1.0000000000000002E+00    1     0 0  0 0  0 0  38^1
    40   1.0000000000000002E+00    1     0 0  0 0  0 0  39^1
    41   1.0000000000000002E+00    1     0 0  0 0  0 0  40^1
    42   1.0000000000000002E+00    1     0 0  0 0  0 0  41^1
    43   1.0000000000000002E+00    1     0 0  0 0  0 0  42^1
    44   1.0000000000000002E+00    1     0 0  0 0  0 0  43^1
    45   1.0000000000000002E+00    1     0 0  0 0  0 0  44^1
    46   1.0000000000000002E+00    1     0 0  0 0  0 0  45^1
    47   1.0000000000000002E+00    1     0 0  0 0  0 0  46^1
    48   1.0000000000000002E+00    1     0 0  0 0  0 0  47^1
    49   1.0000000000000002E+00    1     0 0  0 0  0 0  48^1
    50   1.0000000000000002E+00    1     0 0  0 0  0 0  49^1
    51   1.0000000000000002E+00    1     0 0  0 0  0 0  50^1
    52   1.0000000000000002E+00    1     0 0  0 0  0 0  51^1
    53   1.0000000000000002E+00    1     0 0  0 0  0 0  52^1
    54   1.0000000000000002E+00    1     0 0  0 0  0 0  53^1
    55   1.0000000000000002E+00    1     0 0  0 0  0 0  54^1
    56   1.0000000000000002E+00    1     0 0  0 0  0 0  55^1
    57   1.0000000000000002E+00    1     0 0  0 0  0 0  56^1
    58   1.0000000000000002E+00    1     0 0  0 0  0 0  57^1
    59   1.0000000000000002E+00    1     0 0  0 0  0 0  58^1
    60   1.0000000000000002E+00    1     0 0  0 0  0 0  59^1
    61   1.0000000000000002E+00    1     0 0  0 0  0 0  60^1
    62   1.0000000000000002E+00    1     0 0  0 0  0 0  61^1
    63   1.0000000000000002E+00    1     0 0  0 0  0 0  62^1
    64   1.0000000000000002E+00    1     0 0  0 0  0 0  63^1
    65   1.0000000000000002E+00    1     0 0  0 0  0 0  64^1
    66   1.0000000000000002E+00    1     0 0  0 0  0 0  65^1
    67   1.0000000000000002E+00    1     0 0  0 0  0 0  66^1
    68   1.0000000000000002E+00    1     0 0  0 0  0 0  67^1
    69   1.0000000000000002E+00    1     0 0  0 0  0 0  68^1
    70   1.0000000000000002E+00    1     0 0  0 0  0 0  69^1
    71   1.0000000000000002E+00    1     0 0  0 0  0 0  70^1
    72   1.0000000000000002E+00    1     0 0  0 0  0 0  71^1
    73   1.0000000000000002E+00    1     0 0  0 0  0 0  72^1
    74   1.0000000000000002E+00    1     0 0  0 0  0 0  73^1
    75   1.0000000000000002E+00    1     0 0  0 0  0 0  74^1
    76   1.0000000000000002E+00    1     0 0  0 0  0 0  75^1
    77   1.0000000000000002E+00    1     0 0  0 0  0 0  76^1
    78   1.0000000000000002E+00    1     0 0  0 0  0 0  77^1
    79   1.0000000000000002E+00    1     0 0  0 0  0 0  78^1
    80   1.0000000000000002E+00    1     0 0  0 0  0 0  79^1
    81   1.0000000000000002E+00    1     0 0  0 0  0 0  80^1
    82   1.0000000000000002E+00    1     0 0  0 0  0 0  81^1
    83   1.0000000000000002E+00    1     0 0  0 0  0 0  82^1
    84   1.0000000000000002E+00    1     0 0  0 0  0 0  83^1
    85   1.0000000000000002E+00    1     0 0  0 0  0 0  84^1
    86   1.0000000000000002E+00    1     0 0  0 0  0 0  85^1
    87   1.0000000000000002E+00    1     0 0  0 0  0 0  86^1
    88   1.0000000000000002E+00    1     0 0  0 0  0 0  87^1
    89   1.0000000000000002E+00    1     0 0  0 0  0 0  88^1
    90   1.0000000000000002E+00    1     0 0  0 0  0 0  89^1
    91   1.0000000000000002E+00    1     0 0  0 0  0 0  90^1
    92   1.0000000000000002E+00    1     0 0  0 0  0 0  91^1
    93   1.0000000000000002E+00    1     0 0  0 0  0 0  92^1
    94   1.0000000000000002E+00    1     0 0  0 0  0 0  93^1
    95   1.0000000000000002E+00    1     0 0  0 0  0 0  94^1
    96   1.0000000000000002E+00    1     0 0  0 0  0 0  95^1
    97   1.0000000000000002E+00    1     0 0  0 0  0 0  96^1
    98   1.0000000000000002E+00    1     0 0  0 0  0 0  97^1
    99   1.0000000000000002E+00    1     0 0  0 0  0 0  98^1
   100   1.0000000000000002E+00    1     0 0  0 0  0 0  99^1
   101   1.0000000000000002E+00    1     0 0  0 0  0 0  100^1
   102   1.6653345369377348E-16    2     2 0  0 0  0 0
   103   3.3306690738754696E-16    2     1 1  0 0  0 0
   104   1.6653345369377348E-16    2     0 2  0 0  0 0
   105   3.3306690738754696E-16    2     1 0  1 0  0 0
   106   3.3306690738754696E-16    2     0 1  1 0  0 0
   107   1.6653345369377348E-16    2     0 0  2 0  0 0
   108   3.3306690738754696E-16    2     1 0  0 1  0 0
   109   3.3306690738754696E-16    2     0 1  0 1  0 0
   110   3.3306690738754696E-16    2     0 0  1 1  0 0
   111   1.6653345369377348E-16    2     0 0  0 2  0 0
   112   3.3306690738754696E-16    2     1 0  0 0  1 0
   113   3.3306690738754696E-16    2     0 1  0 0  1 0
   114   3.3306690738754696E-16    2     0 0  1 0  1 0
   115   3.3306690738754696E-16    2     0 0  0 1  1 0
   116   1.6653345369377348E-16    2     0 0  0 0  2 0
   117   3.3306690738754696E-16    2     1 0  0 0  0 1
   118   3.3306690738754696E-16    2     0 1  0 0  0 1
   119   3.3306690738754696E-16    2     0 0  1 0  0 1
   120   3.3306690738754696E-16    2     0 0  0 1  0 1
   121   3.3306690738754696E-16    2     0 0  0 0  1 1
   122   1.6653345369377348E-16    2     0 0  0 0  0 2
   123   3.3306690738754696E-16    2     1 0  0 0  0 0  7^1
   124   3.3306690738754696E-16    2     0 1  0 0  0 0  7^1
   125   3.3306690738754696E-16    2     0 0  1 0  0 0  7^1
   126   3.3306690738754696E-16    2     0 0  0 1  0 0  7^1
   127   3.3306690738754696E-16    2     0 0  0 0  1 0  7^1
   128   3.3306690738754696E-16    2     0 0  0 0  0 1  7^1
   129   3.3306690738754696E-16    2     1 0  0 0  0 0  8^1
   130   3.3306690738754696E-16    2     0 1  0 0  0 0  8^1
   131   3.3306690738754696E-16    2     0 0  1 0  0 0  8^1
   132   3.3306690738754696E-16    2     0 0  0 1  0 0  8^1
   133   3.3306690738754696E-16    2     0 0  0 0  1 0  8^1
   134   3.3306690738754696E-16    2     0 0  0 0  0 1  8^1
   135   3.3306690738754696E-16    2     1 0  0 0  0 0  9^1
   136   3.3306690738754696E-16    2     0 1  0 0  0 0  9^1
   137   3.3306690738754696E-16    2     0 0  1 0  0 0  9^1
   138   3.3306690738754696E-16    2     0 0  0 1  0 0  9^1
   139   3.3306690738754696E-16    2     0 0  0 0  1 0  9^1
   140   3.3306690738754696E-16    2     0 0  0 0  0 1  9^1
   141   3.3306690738754696E-16    2     1 0  0 0  0 0  10^1
   142   3.3306690738754696E-16    2     0 1  0 0  0 0  10^1
   143   3.3306690738754696E-16    2     0 0  1 0  0 0  10^1
   144   3.3306690738754696E-16    2     0 0  0 1  0 0  10^1
   145   3.3306690738754696E-16    2     0 0  0 0  1 0  10^1
   146   3.3306690738754696E-16    2     0 0  0 0  0 1  10^1
   147   3.3306690738754696E-16    2     1 0  0 0  0 0  11^1
   148   3.3306690738754696E-16    2     0 1  0 0  0 0  11^1
   149   3.3306690738754696E-16    2     0 0  1 0  0 0  11^1
   150   3.3306690738754696E-16    2     0 0  0 1  0 0  11^1
   151   3.3306690738754696E-16    2     0 0  0 0  1 0  11^1
   152   3.3306690738754696E-16    2     0 0  0 0  0 1  11^1
   153   3.3306690738754696E-16    2     1 0  0 0  0 0  12^1
   154   3.3306690738754696E-16    2     0 1  0 0  0 0  12^1
   155   3.3306690738754696E-16    2     0 0  1 0  0 0  12^1
   156   3.3306690738754696E-16    2     0 0  0 1  0 0  12^1
   157   3.3306690738754696E-16    2     0 0  0 0  1 0  12^1
   158   3.3306690738754696E-16    2     0 0  0 0  0 1  12^1
   159   3.3306690738754696E-16    2     1 0  0 0  0 0  13^1
   160   3.3306690738754696E-16    2     0 1  0 0  0 0  13^1
   161   3.3306690738754696E-16    2     0 0  1 0  0 0  13^1
   162   3.3306690738754696E-16    2     0 0  0 1  0 0  13^1
   163   3.3306690738754696E-16    2     0 0  0 0  1 0  13^1
   164   3.3306690738754696E-16    2     0 0  0 0  0 1  13^1
   165   3.3306690738754696E-16    2     1 0  0 0  0 0  14^1
   166   3.3306690738754696E-16    2     0 1  0 0  0 0  14^1
   167   3.3306690738754696E-16    2     0 0  1 0  0 0  14^1
   168   3.3306690738754696E-16    2     0 0  0 1  0 0  14^1
   169   3.3306690738754696E-16    2     0 0  0 0  1 0  14^1
   170   3.3306690738754696E-16    2     0 0  0 0  0 1  14^1
   171   3.3306690738754696E-16    2     1 0  0 0  0 0  15^1
   172   3.3306690738754696E-16    2     0 1  0 0  0 0  15^1
   173   3.3306690738754696E-16    2     0 0  1 0  0 0  15^1
   174   3.3306690738754696E-16    2     0 0  0 1  0 0  15^1
   175   3.3306690738754696E-16    2     0 0  0 0  1 0  15^1
   176   3.3306690738754696E-16    2     0 0  0 0  0 1  15^1
   177   3.3306690738754696E-16    2     1 0  0 0  0 0  16^1
   178   3.3306690738754696E-16    2     0 1  0 0  0 0  16^1
   179   3.3306690738754696E-16    2     0 0  1 0  0 0  16^1
   180   3.3306690738754696E-16    2     0 0  0 1  0 0  16^1
   181   3.3306690738754696E-16    2     0 0  0 0  1 0  16^1
   182   3.3306690738754696E-16    2     0 0  0 0  0 1  16^1
   183   3.3306690738754696E-16    2     1 0  0 0  0 0  17^1
   184   3.3306690738754696E-16    2     0 1  0 0  0 0  17^1
   185   3.3306690738754696E-16    2     0 0  1 0  0 0  17^1
   186   3.3306690738754696E-16    2     0 0  0 1  0 0  17^1
   187   3.3306690738754696E-16    2     0 0  0 0  1 0  17^1
   188   3.3306690738754696E-16    2     0 0  0 0  0 1  17^1
   189   3.3306690738754696E-16    2     1 0  0 0  0 0  18^1
   190   3.3306690738754696E-16    2     0 1  0 0  0 0  18^1
   191   3.3306690738754696E-16    2     0 0  1 0  0 0  18^1
   192   3.3306690738754696E-16    2     0 0  0 1  0 0  18^1
   193   3.3306690738754696E-16    2     0 0  0 0  1 0  18^1
   194   3.3306690738754696E-16    2     0 0  0 0  0 1  18^1
   195   3.3306690738754696E-16    2     1 0  0 0  0 0  19^1
   196   3.3306690738754696E-16    2     0 1  0 0  0 0  19^1
   197   3.3306690738754696E-16    2     0 0  1 0  0 0  19^1
   198   3.3306690738754696E-16    2     0 0  0 1  0 0  19^1
   199   3.3306690738754696E-16    2     0 0  0 0  1 0  19^1
   200   3.3306690738754696E-16    2     0 0  0 0  0 1  19^1
   201   3.3306690738754696E-16    2     1 0  0 0  0 0  20^1
   202   3.3306690738754696E-16    2     0 1  0 0  0 0  20^1
   203   3.3306690738754696E-16    2     0 0  1 0  0 0  20^1
   204   3.3306690738754696E-16    2     0 0  0 1  0 0  20^1
   205   3.3306690738754696E-16    2     0 0  0 0  1 0  20^1
   206   3.3306690738754696E-16    2     0 0  0 0  0 1  20^1
   207   3.3306690738754696E-16    2     1 0  0 0  0 0  21^1
   208   3.3306690738754696E-16    2     0 1  0 0  0 0  21^1
   209   3.3306690738754696E-16    2     0 0  1 0  0 0  21^1
   210   3.3306690738754696E-16    2     0 0  0 1  0 0  21^1
   211   3.3306690738754696E-16    2     0 0  0 0  1 0  21^1
   212   3.3306690738754696E-16    2     0 0  0 0  0 1  21^1
   213   3.3306690738754696E-16    2     1 0  0 0  0 0  22^1
   214   3.3306690738754696E-16    2     0 1  0 0  0 0  22^1
   215   3.3306690738754696E-16    2     0 0  1 0  0 0  22^1
   216   3.3306690738754696E-16    2     0 0  0 1  0 0  22^1
   217   3.3306690738754696E-16    2     0 0  0 0  1 0  22^1
   218   3.3306690738754696E-16    2     0 0  0 0  0 1  22^1
   219   3.3306690738754696E-16    2     1 0  0 0  0 0  23^1
   220   3.3306690738754696E-16    2     0 1  0 0  0 0  23^1
   221   3.3306690738754696E-16    2     0 0  1 0  0 0  23^1
   222   3.3306690738754696E-16    2     0 0  0 1  0 0  23^1
   223   3.3306690738754696E-16    2     0 0  0 0  1 0  23^1
   224   3.3306690738754696E-16    2     0 0  0 0  0 1  23^1
   225   3.3306690738754696E-16    2     1 0  0 0  0 0  24^1
   226   3.3306690738754696E-16    2     0 1  0 0  0 0  24^1
   227   3.3306690738754696E-16    2     0 0  1 0  0 0  24^1
   228   3.3306690738754696E-16    2     0 0  0 1  0 0  24^1
   229   3.3306690738754696E-16    2     0 0  0 0  1 0  24^1
   230   3.3306690738754696E-16    2     0 0  0 0  0 1  24^1
   231   3.3306690738754696E-16    2     1 0  0 0  0 0  25^1
   232   3.3306690738754696E-16    2     0 1  0 0  0 0  25^1
   233   3.3306690738754696E-16    2     0 0  1 0  0 0  25^1
   234   3.3306690738754696E-16    2     0 0  0 1  0 0  25^1
   235   3.3306690738754696E-16    2     0 0  0 0  1 0  25^1
   236   3.3306690738754696E-16    2     0 0  0 0  0 1  25^1
   237   3.3306690738754696E-16    2     1 0  0 0  0 0  26^1
   238   3.3306690738754696E-16    2     0 1  0 0  0 0  26^1
   239   3.3306690738754696E-16    2     0 0  1 0  0 0  26^1
   240   3.3306690738754696E-16    2     0 0  0 1  0 0  26^1
   241   3.3306690738754696E-16    2     0 0  0 0  1 0  26^1
   242   3.3306690738754696E-16    2     0 0  0 0  0 1  26^1
   243   3.3306690738754696E-16    2     1 0  0 0  0 0  27^1
   244   3.3306690738754696E-16    2     0 1  0 0  0 0  27^1
   245   3.3306690738754696E-16    2     0 0  1 0  0 0  27^1
   246   3.3306690738754696E-16    2     0 0  0 1  0 0  27^1
   247   3.3306690738754696E-16    2     0 0  0 0  1 0  27^1
   248   3.3306690738754696E-16    2     0 0  0 0  0 1  27^1
   249   3.3306690738754696E-16    2     1 0  0 0  0 0  28^1
   250   3.3306690738754696E-16    2     0 1  0 0  0 0  28^1
   251   3.3306690738754696E-16    2     0 0  1 0  0 0  28^1
   252   3.3306690738754696E-16    2     0 0  0 1  0 0  28^1
   253   3.3306690738754696E-16    2     0 0  0 0  1 0  28^1
   254   3.3306690738754696E-16    2     0 0  0 0  0 1  28^1
   255   3.3306690738754696E-16    2     1 0  0 0  0 0  29^1
   256   3.3306690738754696E-16    2     0 1  0 0  0 0  29^1
   257   3.3306690738754696E-16    2     0 0  1 0  0 0  29^1
   258   3.3306690738754696E-16    2     0 0  0 1  0 0  29^1
   259   3.3306690738754696E-16    2     0 0  0 0  1 0  29^1
   260   3.3306690738754696E-16    2     0 0  0 0  0 1  29^1
   261   3.3306690738754696E-16    2     1 0  0 0  0 0  30^1
   262   3.3306690738754696E-16    2     0 1  0 0  0 0  30^1
   263   3.3306690738754696E-16    2     0 0  1 0  0 0  30^1
   264   3.3306690738754696E-16    2     0 0  0 1  0 0  30^1
   265   3.3306690738754696E-16    2     0 0  0 0  1 0  30^1
   266   3.3306690738754696E-16    2     0 0  0 0  0 1  30^1
   267   3.3306690738754696E-16    2     1 0  0 0  0 0  31^1
   268   3.3306690738754696E-16    2     0 1  0 0  0 0  31^1
   269   3.3306690738754696E-16    2     0 0  1 0  0 0  31^1
   270   3.3306690738754696E-16    2     0 0  0 1  0 0  31^1
   271   3.3306690738754696E-16    2     0 0  0 0  1 0  31^1
   272   3.3306690738754696E-16    2     0 0  0 0  0 1  31^1
   273   3.3306690738754696E-16    2     1 0  0 0  0 0  32^1
   274   3.3306690738754696E-16    2     0 1  0 0  0 0  32^1
   275   3.3306690738754696E-16    2     0 0  1 0  0 0  32^1
   276   3.3306690738754696E-16    2     0 0  0 1  0 0  32^1
   277   3.3306690738754696E-16    2     0 0  0 0  1 0  32^1
   278   3.3306690738754696E-16    2     0 0  0 0  0 1  32^1
   279   3.3306690738754696E-16    2     1 0  0 0  0 0  33^1
   280   3.3306690738754696E-16    2     0 1  0 0  0 0  33^1
   281   3.3306690738754696E-16    2     0 0  1 0  0 0  33^1
   282   3.3306690738754696E-16    2     0 0  0 1  0 0  33^1
   283   3.3306690738754696E-16    2     0 0  0 0  1 0  33^1
   284   3.3306690738754696E-16    2     0 0  0 0  0 1  33^1
   285   3.3306690738754696E-16    2     1 0  0 0  0 0  34^1
   286   3.3306690738754696E-16    2     0 1  0 0  0 0  34^1
   287   3.3306690738754696E-16    2     0 0  1 0  0 0  34^1
   288   3.3306690738754696E-16    2     0 0  0 1  0 0  34^1
   289   3.3306690738754696E-16    2     0 0  0 0  1 0  34^1
   290   3.3306690738754696E-16    2     0 0  0 0  0 1  34^1
   291   3.3306690738754696E-16    2     1 0  0 0  0 0  35^1
   292   3.3306690738754696E-16    2     0 1  0 0  0 0  35^1
   293   3.3306690738754696E-16    2     0 0  1 0  0 0  35^1
   294   3.3306690738754696E-16    2     0 0  0 1  0 0  35^1
   295   3.3306690738754696E-16    2     0 0  0 0  1 0  35^1
   296   3.3306690738754696E-16    2     0 0  0 0  0 1  35^1
   297   3.3306690738754696E-16    2     1 0  0 0  0 0  36^1
   298   3.3306690738754696E-16    2     0 1  0 0  0 0  36^1
   299   3.3306690738754696E-16    2     0 0  1 0  0 0  36^1
   300   3.3306690738754696E-16    2     0 0  0 1  0 0  36^1
   301   3.3306690738754696E-16    2     0 0  0 0  1 0  36^1
   302   3.3306690738754696E-16    2     0 0  0 0  0 1  36^1
   303   3.3306690738754696E-16    2     1 0  0 0  0 0  37^1
   304   3.3306690738754696E-16    2     0 1  0 0  0 0  37^1
   305   3.3306690738754696E-16    2     0 0  1 0  0 0  37^1
   306   3.3306690738754696E-16    2     0 0  0 1  0 0  37^1
   307   3.3306690738754696E-16    2     0 0  0 0  1 0  37^1
   308   3.3306690738754696E-16    2     0 0  0 0  0 1  37^1
   309   3.3306690738754696E-16    2     1 0  0 0  0 0  38^1
   310   3.3306690738754696E-16    2     0 1  0 0  0 0  38^1
   311   3.3306690738754696E-16    2     0 0  1 0  0 0  38^1
   312   3.3306690738754696E-16    2     0 0  0 1  0 0  38^1
   313   3.3306690738754696E-16    2     0 0  0 0  1 0  38^1
   314   3.3306690738754696E-16    2     0 0  0 0  0 1  38^1
   315   3.3306690738754696E-16    2     1 0  0 0  0 0  39^1
   316   3.3306690738754696E-16    2     0 1  0 0  0 0  39^1
   317   3.3306690738754696E-16    2     0 0  1 0  0 0  39^1
   318   3.3306690738754696E-16    2     0 0  0 1  0 0  39^1
   319   3.3306690738754696E-16    2     0 0  0 0  1 0  39^1
   320   3.3306690738754696E-16    2     0 0  0 0  0 1  39^1
   321   3.3306690738754696E-16    2     1 0  0 0  0 0  40^1
   322   3.3306690738754696E-16    2     0 1  0 0  0 0  40^1
   323   3.3306690738754696E-16    2     0 0  1 0  0 0  40^1
   324   3.3306690738754696E-16    2     0 0  0 1  0 0  40^1
   325   3.3306690738754696E-16    2     0 0  0 0  1 0  40^1
   326   3.3306690738754696E-16    2     0 0  0 0  0 1  40^1
   327   3.3306690738754696E-16    2     1 0  0 0  0 0  41^1
   328   3.3306690738754696E-16    2     0 1  0 0  0 0  41^1
   329   3.3306690738754696E-16    2     0 0  1 0  0 0  41^1
   330   3.3306690738754696E-16    2     0 0  0 1  0 0  41^1
   331   3.3306690738754696E-16    2     0 0  0 0  1 0  41^1
   332   3.3306690738754696E-16    2     0 0  0 0  0 1  41^1
   333   3.3306690738754696E-16    2     1 0  0 0  0 0  42^1
   334   3.3306690738754696E-16    2     0 1  0 0  0 0  42^1
   335   3.3306690738754696E-16    2     0 0  1 0  0 0  42^1
   336   3.3306690738754696E-16    2     0 0  0 1  0 0  42^1
   337   3.3306690738754696E-16    2     0 0  0 0  1 0  42^1
   338   3.3306690738754696E-16    2     0 0  0 0  0 1  42^1
   339   3.3306690738754696E-16    2     1 0  0 0  0 0  43^1
   340   3.3306690738754696E-16    2     0 1  0 0  0 0  43^1
   341   3.3306690738754696E-16    2     0 0  1 0  0 0  43^1
   342   3.3306690738754696E-16    2     0 0  0 1  0 0  43^1
   343   3.3306690738754696E-16    2     0 0  0 0  1 0  43^1
   344   3.3306690738754696E-16    2     0 0  0 0  0 1  43^1
   345   3.3306690738754696E-16    2     1 0  0 0  0 0  44^1
   346   3.3306690738754696E-16    2     0 1  0 0  0 0  44^1
   347   3.3306690738754696E-16    2     0 0  1 0  0 0  44^1
   348   3.3306690738754696E-16    2     0 0  0 1  0 0  44^1
   349   3.3306690738754696E-16    2     0 0  0 0  1 0  44^1
   350   3.3306690738754696E-16    2     0 0  0 0  0 1  44^1
   351   3.3306690738754696E-16    2     1 0  0 0  0 0  45^1
   352   3.3306690738754696E-16    2     0 1  0 0  0 0  45^1
   353   3.3306690738754696E-16    2     0 0  1 0  0 0  45^1
   354   3.3306690738754696E-16    2     0 0  0 1  0 0  45^1
   355   3.3306690738754696E-16    2     0 0  0 0  1 0  45^1
   356   3.3306690738754696E-16    2     0 0  0 0  0 1  45^1
   357   3.3306690738754696E-16    2     1 0  0 0  0 0  46^1
   358   3.3306690738754696E-16    2     0 1  0 0  0 0  46^1
   359   3.3306690738754696E-16    2     0 0  1 0  0 0  46^1
   360   3.3306690738754696E-16    2     0 0  0 1  0 0  46^1
   361   3.3306690738754696E-16    2     0 0  0 0  1 0  46^1
   362   3.3306690738754696E-16    2     0 0  0 0  0 1  46^1
   363   3.3306690738754696E-16    2     1 0  0 0  0 0  47^1
   364   3.3306690738754696E-16    2     0 1  0 0  0 0  47^1
   365   3.3306690738754696E-16    2     0 0  1 0  0 0  47^1
   366   3.3306690738754696E-16    2     0 0  0 1  0 0  47^1
   367   3.3306690738754696E-16    2     0 0  0 0  1 0  47^1
   368   3.3306690738754696E-16    2     0 0  0 0  0 1  47^1
   369   3.3306690738754696E-16    2     1 0  0 0  0 0  48^1
   370   3.3306690738754696E-16    2     0 1  0 0  0 0  48^1
   371   3.3306690738754696E-16    2     0 0  1 0  0 0  48^1
   372   3.3306690738754696E-16    2     0 0  0 1  0 0  48^1
   373   3.3306690738754696E-16    2     0 0  0 0  1 0  48^1
   374   3.3306690738754696E-16    2     0 0  0 0  0 1  48^1
   375   3.3306690738754696E-16    2     1 0  0 0  0 0  49^1
   376   3.3306690738754696E-16    2     0 1  0 0  0 0  49^1
   377   3.3306690738754696E-16    2     0 0  1 0  0 0  49^1
   378   3.3306690738754696E-16    2     0 0  0 1  0 0  49^1
   379   3.3306690738754696E-16    2     0 0  0 0  1 0  49^1
   380   3.3306690738754696E-16    2     0 0  0 0  0 1  49^1
   381   3.3306690738754696E-16    2     1 0  0 0  0 0  50^1
   382   3.3306690738754696E-16    2     0 1  0 0  0 0  50^1
   383   3.3306690738754696E-16    2     0 0  1 0  0 0  50^1
   384   3.3306690738754696E-16    2     0 0  0 1  0 0  50^1
   385   3.3306690738754696E-16    2     0 0  0 0  1 0  50^1
   386   3.3306690738754696E-16    2     0 0  0 0  0 1  50^1
   387   3.3306690738754696E-16    2     1 0  0 0  0 0  51^1
   388   3.3306690738754696E-16    2     0 1  0 0  0 0  51^1
   389   3.3306690738754696E-16    2     0 0  1 0  0 0  51^1
   390   3.3306690738754696E-16    2     0 0  0 1  0 0  51^1
   391   3.3306690738754696E-16    2     0 0  0 0  1 0  51^1
   392   3.3306690738754696E-16    2     0 0  0 0  0 1  51^1
   393   3.3306690738754696E-16    2     1 0  0 0  0 0  52^1
   394   3.3306690738754696E-16    2     0 1  0 0  0 0  52^1
   395   3.3306690738754696E-16    2     0 0  1 0  0 0  52^1
   396   3.3306690738754696E-16    2     0 0  0 1  0 0  52^1
   397   3.3306690738754696E-16    2     0 0  0 0  1 0  52^1
   398   3.3306690738754696E-16    2     0 0  0 0  0 1  52^1
   399   3.3306690738754696E-16    2     1 0  0 0  0 0  53^1
   400   3.3306690738754696E-16    2     0 1  0 0  0 0  53^1
   401   3.3306690738754696E-16    2     0 0  1 0  0 0  53^1
   402   3.3306690738754696E-16    2     0 0  0 1  0 0  53^1
   403   3.3306690738754696E-16    2     0 0  0 0  1 0  53^1
   404   3.3306690738754696E-16    2     0 0  0 0  0 1  53^1
   405   3.3306690738754696E-16    2     1 0  0 0  0 0  54^1
   406   3.3306690738754696E-16    2     0 1  0 0  0 0  54^1
   407   3.3306690738754696E-16    2     0 0  1 0  0 0  54^1
   408   3.3306690738754696E-16    2     0 0  0 1  0 0  54^1
   409   3.3306690738754696E-16    2     0 0  0 0  1 0  54^1
   410   3.3306690738754696E-16    2     0 0  0 0  0 1  54^1
   411   3.3306690738754696E-16    2     1 0  0 0  0 0  55^1
   412   3.3306690738754696E-16    2     0 1  0 0  0 0  55^1
   413   3.3306690738754696E-16    2     0 0  1 0  0 0  55^1
   414   3.3306690738754696E-16    2     0 0  0 1  0 0  55^1
   415   3.3306690738754696E-16    2     0 0  0 0  1 0  55^1
   416   3.3306690738754696E-16    2     0 0  0 0  0 1  55^1
   417   3.3306690738754696E-16    2     1 0  0 0  0 0  56^1
   418   3.3306690738754696E-16    2     0 1  0 0  0 0  56^1
   419   3.3306690738754696E-16    2     0 0  1 0  0 0  56^1
   420   3.3306690738754696E-16    2     0 0  0 1  0 0  56^1
   421   3.3306690738754696E-16    2     0 0  0 0  1 0  56^1
   422   3.3306690738754696E-16    2     0 0  0 0  0 1  56^1
   423   3.3306690738754696E-16    2     1 0  0 0  0 0  57^1
   424   3.3306690738754696E-16    2     0 1  0 0  0 0  57^1
   425   3.3306690738754696E-16    2     0 0  1 0  0 0  57^1
   426   3.3306690738754696E-16    2     0 0  0 1  0 0  57^1
   427   3.3306690738754696E-16    2     0 0  0 0  1 0  57^1
   428   3.3306690738754696E-16    2     0 0  0 0  0 1  57^1
   429   3.3306690738754696E-16    2     1 0  0 0  0 0  58^1
   430   3.3306690738754696E-16    2     0 1  0 0  0 0  58^1
   431   3.3306690738754696E-16    2     0 0  1 0  0 0  58^1
   432   3.3306690738754696E-16    2     0 0  0 1  0 0  58^1
   433   3.3306690738754696E-16    2     0 0  0 0  1 0  58^1
   434   3.3306690738754696E-16    2     0 0  0 0  0 1  58^1
   435   3.3306690738754696E-16    2     1 0  0 0  0 0  59^1
   436   3.3306690738754696E-16    2     0 1  0 0  0 0  59^1
   437   3.3306690738754696E-16    2     0 0  1 0  0 0  59^1
   438   3.3306690738754696E-16    2     0 0  0 1  0 0  59^1
   439   3.3306690738754696E-16    2     0 0  0 0  1 0  59^1
   440   3.3306690738754696E-16    2     0 0  0 0  0 1  59^1
   441   3.3306690738754696E-16    2     1 0  0 0  0 0  60^1
   442   3.3306690738754696E-16    2     0 1  0 0  0 0  60^1
   443   3.3306690738754696E-16    2     0 0  1 0  0 0  60^1
   444   3.3306690738754696E-16    2     0 0  0 1  0 0  60^1
   445   3.3306690738754696E-16    2     0 0  0 0  1 0  60^1
   446   3.3306690738754696E-16    2     0 0  0 0  0 1  60^1
   447   3.3306690738754696E-16    2     1 0  0 0  0 0  61^1
   448   3.3306690738754696E-16    2     0 1  0 0  0 0  61^1
   449   3.3306690738754696E-16    2     0 0  1 0  0 0  61^1
   450   3.3306690738754696E-16    2     0 0  0 1  0 0  61^1
   451   3.3306690738754696E-16    2     0 0  0 0  1 0  61^1
   452   3.3306690738754696E-16    2     0 0  0 0  0 1  61^1
   453   3.3306690738754696E-16    2     1 0  0 0  0 0  62^1
   454   3.3306690738754696E-16    2     0 1  0 0  0 0  62^1
   455   3.3306690738754696E-16    2     0 0  1 0  0 0  62^1
   456   3.3306690738754696E-16    2     0 0  0 1  0 0  62^1
   457   3.3306690738754696E-16    2     0 0  0 0  1 0  62^1
   458   3.3306690738754696E-16    2     0 0  0 0  0 1  62^1
   459   3.3306690738754696E-16    2     1 0  0 0  0 0  63^1
   460   3.3306690738754696E-16    2     0 1  0 0  0 0  63^1
   461   3.3306690738754696E-16    2     0 0  1 0  0 0  63^1
   462   3.3306690738754696E-16    2     0 0  0 1  0 0  63^1
   463   3.3306690738754696E-16    2     0 0  0 0  1 0  63^1
   464   3.3306690738754696E-16    2     0 0  0 0  0 1  63^1
   465   3.3306690738754696E-16    2     1 0  0 0  0 0  64^1
   466   3.3306690738754696E-16    2     0 1  0 0  0 0  64^1
   467   3.3306690738754696E-16    2     0 0  1 0  0 0  64^1
   468   3.3306690738754696E-16    2     0 0  0 1  0 0  64^1
   469   3.3306690738754696E-16    2     0 0  0 0  1 0  64^1
   470   3.3306690738754696E-16    2     0 0  0 0  0 1  64^1
   471   3.3306690738754696E-16    2     1 0  0 0  0 0  65^1
   472   3.3306690738754696E-16    2     0 1  0 0  0 0  65^1
   473   3.3306690738754696E-16    2     0 0  1 0  0 0  65^1
   474   3.3306690738754696E-16    2     0 0  0 1  0 0  65^1
   475   3.3306690738754696E-16    2     0 0  0 0  1 0  65^1
   476   3.3306690738754696E-16    2     0 0  0 0  0 1  65^1
   477   3.3306690738754696E-16    2     1 0  0 0  0 0  66^1
   478   3.3306690738754696E-16    2     0 1  0 0  0 0  66^1
   479   3.3306690738754696E-16    2     0 0  1 0  0 0  66^1
   480   3.3306690738754696E-16    2     0 0  0 1  0 0  66^1
   481   3.3306690738754696E-16    2     0 0  0 0  1 0  66^1
   482   3.3306690738754696E-16    2     0 0  0 0  0 1  66^1
   483   3.3306690738754696E-16    2     1 0  0 0  0 0  67^1
   484   3.3306690738754696E-16    2     0 1  0 0  0 0  67^1
   485   3.3306690738754696E-16    2     0 0  1 0  0 0  67^1
   486   3.3306690738754696E-16    2     0 0  0 1  0 0  67^1
   487   3.3306690738754696E-16    2     0 0  0 0  1 0  67^1
   488   3.3306690738754696E-16    2     0 0  0 0  0 1  67^1
   489   3.3306690738754696E-16    2     1 0  0 0  0 0  68^1
   490   3.3306690738754696E-16    2     0 1  0 0  0 0  68^1
   491   3.3306690738754696E-16    2     0 0  1 0  0 0  68^1
   492   3.3306690738754696E-16    2     0 0  0 1  0 0  68^1
   493   3.3306690738754696E-16    2     0 0  0 0  1 0  68^1
   494   3.3306690738754696E-16    2     0 0  0 0  0 1  68^1
   495   3.3306690738754696E-16    2     1 0  0 0  0 0  69^1
   496   3.3306690738754696E-16    2     0 1  0 0  0 0  69^1
   497   3.3306690738754696E-16    2     0 0  1 0  0 0  69^1
   498   3.3306690738754696E-16    2     0 0  0 1  0 0  69^1
   499   3.3306690738754696E-16    2     0 0  0 0  1 0  69^1
   500   3.3306690738754696E-16    2     0 0  0 0  0 1  69^1
   501   3.3306690738754696E-16    2     1 0  0 0  0 0  70^1
   502   3.3306690738754696E-16    2     0 1  0 0  0 0  70^1
   503   3.3306690738754696E-16    2     0 0  1 0  0 0  70^1
   504   3.3306690738754696E-16    2     0 0  0 1  0 0  70^1
   505   3.3306690738754696E-16    2     0 0  0 0  1 0  70^1
   506   3.3306690738754696E-16    2     0 0  0 0  0 1  70^1
   507   3.3306690738754696E-16    2     1 0  0 0  0 0  71^1
   508   3.3306690738754696E-16    2     0 1  0 0  0 0  71^1
   509   3.3306690738754696E-16    2     0 0  1 0  0 0  71^1
   510   3.3306690738754696E-16    2     0 0  0 1  0 0  71^1
   511   3.3306690738754696E-16    2     0 0  0 0  1 0  71^1
   512   3.3306690738754696E-16    2     0 0  0 0  0 1  71^1
   513   3.3306690738754696E-16    2     1 0  0 0  0 0  72^1
   514   3.3306690738754696E-16    2     0 1  0 0  0 0  72^1
   515   3.3306690738754696E-16    2     0 0  1 0  0 0  72^1
   516   3.3306690738754696E-16    2     0 0  0 1  0 0  72^1
   517   3.3306690738754696E-16    2     0 0  0 0  1 0  72^1
   518   3.3306690738754696E-16    2     0 0  0 0  0 1  72^1
   519   3.3306690738754696E-16    2     1 0  0 0  0 0  73^1
   520   3.3306690738754696E-16    2     0 1  0 0  0 0  73^1
   521   3.3306690738754696E-16    2     0 0  1 0  0 0  73^1
   522   3.3306690738754696E-16    2     0 0  0 1  0 0  73^1
   523   3.3306690738754696E-16    2     0 0  0 0  1 0  73^1
   524   3.3306690738754696E-16    2     0 0  0 0  0 1  73^1
   525   3.3306690738754696E-16    2     1 0  0 0  0 0  74^1
   526   3.3306690738754696E-16    2     0 1  0 0  0 0  74^1
   527   3.3306690738754696E-16    2     0 0  1 0  0 0  74^1
   528   3.3306690738754696E-16    2     0 0  0 1  0 0  74^1
   529   3.3306690738754696E-16    2     0 0  0 0  1 0  74^1
   530   3.3306690738754696E-16    2     0 0  0 0  0 1  74^1
   531   3.3306690738754696E-16    2     1 0  0 0  0 0  75^1
   532   3.3306690738754696E-16    2     0 1  0 0  0 0  75^1
   533   3.3306690738754696E-16    2     0 0  1 0  0 0  75^1
   534   3.3306690738754696E-16    2     0 0  0 1  0 0  75^1
   535   3.3306690738754696E-16    2     0 0  0 0  1 0  75^1
   536   3.3306690738754696E-16    2     0 0  0 0  0 1  75^1
   537   3.3306690738754696E-16    2     1 0  0 0  0 0  76^1
   538   3.3306690738754696E-16    2     0 1  0 0  0 0  76^1
   539   3.3306690738754696E-16    2     0 0  1 0  0 0  76^1
   540   3.3306690738754696E-16    2     0 0  0 1  0 0  76^1
   541   3.3306690738754696E-16    2     0 0  0 0  1 0  76^1
   542   3.3306690738754696E-16    2     0 0  0 0  0 1  76^1
   543   3.3306690738754696E-16    2     1 0  0 0  0 0  77^1
   544   3.3306690738754696E-16    2     0 1  0 0  0 0  77^1
   545   3.3306690738754696E-16    2     0 0  1 0  0 0  77^1
   546   3.3306690738754696E-16    2     0 0  0 1  0 0  77^1
   547   3.3306690738754696E-16    2     0 0  0 0  1 0  77^1
   548   3.3306690738754696E-16    2     0 0  0 0  0 1  77^1
   549   3.3306690738754696E-16    2     1 0  0 0  0 0  78^1
   550   3.3306690738754696E-16    2     0 1  0 0  0 0  78^1
   551   3.3306690738754696E-16    2     0 0  1 0  0 0  78^1
   552   3.3306690738754696E-16    2     0 0  0 1  0 0  78^1
   553   3.3306690738754696E-16    2     0 0  0 0  1 0  78^1
   554   3.3306690738754696E-16    2     0 0  0 0  0 1  78^1
   555   3.3306690738754696E-16    2     1 0  0 0  0 0  79^1
   556   3.3306690738754696E-16    2     0 1  0 0  0 0  79^1
   557   3.3306690738754696E-16    2     0 0  1 0  0 0  79^1
   558   3.3306690738754696E-16    2     0 0  0 1  0 0  79^1
   559   3.3306690738754696E-16    2     0 0  0 0  1 0  79^1
   560   3.3306690738754696E-16    2     0 0  0 0  0 1  79^1
   561   3.3306690738754696E-16    2     1 0  0 0  0 0  80^1
   562   3.3306690738754696E-16    2     0 1  0 0  0 0  80^1
   563   3.3306690738754696E-16    2     0 0  1 0  0 0  80^1
   564   3.3306690738754696E-16    2     0 0  0 1  0 0  80^1
   565   3.3306690738754696E-16    2     0 0  0 0  1 0  80^1
   566   3.3306690738754696E-16    2     0 0  0 0  0 1  80^1
   567   3.3306690738754696E-16    2     1 0  0 0  0 0  81^1
   568   3.3306690738754696E-16    2     0 1  0 0  0 0  81^1
   569   3.3306690738754696E-16    2     0 0  1 0  0 0  81^1
   570   3.3306690738754696E-16    2     0 0  0 1  0 0  81^1
   571   3.3306690738754696E-16    2     0 0  0 0  1 0  81^1
   572   3.3306690738754696E-16    2     0 0  0 0  0 1  81^1
   573   3.3306690738754696E-16    2     1 0  0 0  0 0  82^1
   574   3.3306690738754696E-16    2     0 1  0 0  0 0  82^1
   575   3.3306690738754696E-16    2     0 0  1 0  0 0  82^1
   576   3.3306690738754696E-16    2     0 0  0 1  0 0  82^1
   577   3.3306690738754696E-16    2     0 0  0 0  1 0  82^1
   578   3.3306690738754696E-16    2     0 0  0 0  0 1  82^1
   579   3.3306690738754696E-16    2     1 0  0 0  0 0  83^1
   580   3.3306690738754696E-16    2     0 1  0 0  0 0  83^1
   581   3.3306690738754696E-16    2     0 0  1 0  0 0  83^1
   582   3.3306690738754696E-16    2     0 0  0 1  0 0  83^1
   583   3.3306690738754696E-16    2     0 0  0 0  1 0  83^1
   584   3.3306690738754696E-16    2     0 0  0 0  0 1  83^1
   585   3.3306690738754696E-16    2     1 0  0 0  0 0  84^1
   586   3.3306690738754696E-16    2     0 1  0 0  0 0  84^1
   587   3.3306690738754696E-16    2     0 0  1 0  0 0  84^1
   588   3.3306690738754696E-16    2     0 0  0 1  0 0  84^1
   589   3.3306690738754696E-16    2     0 0  0 0  1 0  84^1
   590   3.3306690738754696E-16    2     0 0  0 0  0 1  84^1
   591   3.3306690738754696E-16    2     1 0  0 0  0 0  85^1
   592   3.3306690738754696E-16    2     0 1  0 0  0 0  85^1
   593   3.3306690738754696E-16    2     0 0  1 0  0 0  85^1
   594   3.3306690738754696E-16    2     0 0  0 1  0 0  85^1
   595   3.3306690738754696E-16    2     0 0  0 0  1 0  85^1
   596   3.3306690738754696E-16    2     0 0  0 0  0 1  85^1
   597   3.3306690738754696E-16    2     1 0  0 0  0 0  86^1
   598   3.3306690738754696E-16    2     0 1  0 0  0 0  86^1
   599   3.3306690738754696E-16    2     0 0  1 0  0 0  86^1
   600   3.3306690738754696E-16    2     0 0  0 1  0 0  86^1
   601   3.3306690738754696E-16    2     0 0  0 0  1 0  86^1
   602   3.3306690738754696E-16    2     0 0  0 0  0 1  86^1
   603   3.3306690738754696E-16    2     1 0  0 0  0 0  87^1
   604   3.3306690738754696E-16    2     0 1  0 0  0 0  87^1
   605   3.3306690738754696E-16    2     0 0  1 0  0 0  87^1
   606   3.3306690738754696E-16    2     0 0  0 1  0 0  87^1
   607   3.3306690738754696E-16    2     0 0  0 0  1 0  87^1
   608   3.3306690738754696E-16    2     0 0  0 0  0 1  87^1
   609   3.3306690738754696E-16    2     1 0  0 0  0 0  88^1
   610   3.3306690738754696E-16    2     0 1  0 0  0 0  88^1
   611   3.3306690738754696E-16    2     0 0  1 0  0 0  88^1
   612   3.3306690738754696E-16    2     0 0  0 1  0 0  88^1
   613   3.3306690738754696E-16    2     0 0  0 0  1 0  88^1
   614   3.3306690738754696E-16    2     0 0  0 0  0 1  88^1
   615   3.3306690738754696E-16    2     1 0  0 0  0 0  89^1
   616   3.3306690738754696E-16    2     0 1  0 0  0 0  89^1
   617   3.3306690738754696E-16    2     0 0  1 0  0 0  89^1
   618   3.3306690738754696E-16    2     0 0  0 1  0 0  89^1
   619   3.3306690738754696E-16    2     0 0  0 0  1 0  89^1
   620   3.3306690738754696E-16    2     0 0  0 0  0 1  89^1
   621   3.3306690738754696E-16    2     1 0  0 0  0 0  90^1
   622   3.3306690738754696E-16    2     0 1  0 0  0 0  90^1
   623   3.3306690738754696E-16    2     0 0  1 0  0 0  90^1
   624   3.3306690738754696E-16    2     0 0  0 1  0 0  90^1
   625   3.3306690738754696E-16    2     0 0  0 0  1 0  90^1
   626   3.3306690738754696E-16    2     0 0  0 0  0 1  90^1
   627   3.3306690738754696E-16    2     1 0  0 0  0 0  91^1
   628   3.3306690738754696E-16    2     0 1  0 0  0 0  91^1
   629   3.3306690738754696E-16    2     0 0  1 0  0 0  91^1
   630   3.3306690738754696E-16    2     0 0  0 1  0 0  91^1
   631   3.3306690738754696E-16    2     0 0  0 0  1 0  91^1
   632   3.3306690738754696E-16    2     0 0  0 0  0 1  91^1
   633   3.3306690738754696E-16    2     1 0  0 0  0 0  92^1
   634   3.3306690738754696E-16    2     0 1  0 0  0 0  92^1
   635   3.3306690738754696E-16    2     0 0  1 0  0 0  92^1
   636   3.3306690738754696E-16    2     0 0  0 1  0 0  92^1
   637   3.3306690738754696E-16    2     0 0  0 0  1 0  92^1
   638   3.3306690738754696E-16    2     0 0  0 0  0 1  92^1
   639   3.3306690738754696E-16    2     1 0  0 0  0 0  93^1
   640   3.3306690738754696E-16    2     0 1  0 0  0 0  93^1
   641   3.3306690738754696E-16    2     0 0  1 0  0 0  93^1
   642   3.3306690738754696E-16    2     0 0  0 1  0 0  93^1
   643   3.3306690738754696E-16    2     0 0  0 0  1 0  93^1
   644   3.3306690738754696E-16    2     0 0  0 0  0 1  93^1
   645   3.3306690738754696E-16    2     1 0  0 0  0 0  94^1
   646   3.3306690738754696E-16    2     0 1  0 0  0 0  94^1
   647   3.3306690738754696E-16    2     0 0  1 0  0 0  94^1
   648   3.3306690738754696E-16    2     0 0  0 1  0 0  94^1
   649   3.3306690738754696E-16    2     0 0  0 0  1 0  94^1
   650   3.3306690738754696E-16    2     0 0  0 0  0 1  94^1
   651   3.3306690738754696E-16    2     1 0  0 0  0 0  95^1
   652   3.3306690738754696E-16    2     0 1  0 0  0 0  95^1
   653   3.3306690738754696E-16    2     0 0  1 0  0 0  95^1
   654   3.3306690738754696E-16    2     0 0  0 1  0 0  95^1
   655   3.3306690738754696E-16    2     0 0  0 0  1 0  95^1
   656   3.3306690738754696E-16    2     0 0  0 0  0 1  95^1
   657   3.3306690738754696E-16    2     1 0  0 0  0 0  96^1
   658   3.3306690738754696E-16    2     0 1  0 0  0 0  96^1
   659   3.3306690738754696E-16    2     0 0  1 0  0 0  96^1
   660   3.3306690738754696E-16    2     0 0  0 1  0 0  96^1
   661   3.3306690738754696E-16    2     0 0  0 0  1 0  96^1
   662   3.3306690738754696E-16    2     0 0  0 0  0 1  96^1
   663   3.3306690738754696E-16    2     1 0  0 0  0 0  97^1
   664   3.3306690738754696E-16    2     0 1  0 0  0 0  97^1
   665   3.3306690738754696E-16    2     0 0  1 0  0 0  97^1
   666   3.3306690738754696E-16    2     0 0  0 1  0 0  97^1
   667   3.3306690738754696E-16    2     0 0  0 0  1 0  97^1
   668   3.3306690738754696E-16    2     0 0  0 0  0 1  97^1
   669   3.3306690738754696E-16    2     1 0  0 0  0 0  98^1
   670   3.3306690738754696E-16    2     0 1  0 0  0 0  98^1
   671   3.3306690738754696E-16    2     0 0  1 0  0 0  98^1
   672   3.3306690738754696E-16    2     0 0  0 1  0 0  98^1
   673   3.3306690738754696E-16    2     0 0  0 0  1 0  98^1
   674   3.3306690738754696E-16    2     0 0  0 0  0 1  98^1
   675   3.3306690738754696E-16    2     1 0  0 0  0 0  99^1
   676   3.3306690738754696E-16    2     0 1  0 0  0 0  99^1
   677   3.3306690738754696E-16    2     0 0  1 0  0 0  99^1
   678   3.3306690738754696E-16    2     0 0  0 1  0 0  99^1
   679   3.3306690738754696E-16    2     0 0  0 0  1 0  99^1
   680   3.3306690738754696E-16    2     0 0  0 0  0 1  99^1
   681   3.3306690738754696E-16    2     1 0  0 0  0 0  100^1
   682   3.3306690738754696E-16    2     0 1  0 0  0 0  100^1
   683   3.3306690738754696E-16    2     0 0  1 0  0 0  100^1
   684   3.3306690738754696E-16    2     0 0  0 1  0 0  100^1
   685   3.3306690738754696E-16    2     0 0  0 0  1 0  100^1
   686   3.3306690738754696E-16    2     0 0  0 0  0 1  100^1
