
 ini     :  R, NV =   6, MO =  3, NP =   0, PO =  1, NO =   3 3  2 2  1 1
 *******************************************************
     I   COEFFICIENT             ORDER   EXPONENTS
     1   5.2359877559829882E-01    0     0 0  0 0  0 0
     2   1.0000000000000000E+00    1     1 0  0 0  0 0
     3   1.0000000000000000E+00    1     0 1  0 0  0 0
     4   1.0000000000000000E+00    1     0 0  1 0  0 0
     5   1.0000000000000000E+00    1     0 0  0 1  0 0
     6   1.0000000000000000E+00    1     0 0  0 0  1 0
     7   1.0000000000000000E+00    1     0 0  0 0  0 1

 sin     :  R, NV =   6, MO =  3, NP =   0, PO =  1, NO =   3 3  2 2  1 1
 *******************************************************
     I   COEFFICIENT             ORDER   EXPONENTS
     1   4.9999999999999994E-01    0     0 0  0 0  0 0
     2   8.6602540378443871E-01    1     1 0  0 0  0 0
     3   8.6602540378443871E-01    1     0 1  0 0  0 0
     4   8.6602540378443871E-01    1     0 0  1 0  0 0
     5   8.6602540378443871E-01    1     0 0  0 1  0 0
     6   8.6602540378443871E-01    1     0 0  0 0  1 0
     7   8.6602540378443871E-01    1     0 0  0 0  0 1
     8  -2.4999999999999997E-01    2     2 0  0 0  0 0
     9  -4.9999999999999994E-01    2     1 1  0 0  0 0
    10  -2.4999999999999997E-01    2     0 2  0 0  0 0
    11  -4.9999999999999994E-01    2     1 0  1 0  0 0
    12  -4.9999999999999994E-01    2     0 1  1 0  0 0
    13  -2.4999999999999997E-01    2     0 0  2 0  0 0
    14  -4.9999999999999994E-01    2     1 0  0 1  0 0
    15  -4.9999999999999994E-01    2     0 1  0 1  0 0
    16  -4.9999999999999994E-01    2     0 0  1 1  0 0
    17  -2.4999999999999997E-01    2     0 0  0 2  0 0
    18  -4.9999999999999994E-01    2     1 0  0 0  1 0
    19  -4.9999999999999994E-01    2     0 1  0 0  1 0
    20  -4.9999999999999994E-01    2     0 0  1 0  1 0
    21  -4.9999999999999994E-01    2     0 0  0 1  1 0
    22  -4.9999999999999994E-01    2     1 0  0 0  0 1
    23  -4.9999999999999994E-01    2     0 1  0 0  0 1
    24  -4.9999999999999994E-01    2     0 0  1 0  0 1
    25  -4.9999999999999994E-01    2     0 0  0 1  0 1
    26  -4.9999999999999994E-01    2     0 0  0 0  1 1
    27  -1.4433756729740646E-01    3     3 0  0 0  0 0
    28  -4.3301270189221941E-01    3     2 1  0 0  0 0
    29  -4.3301270189221941E-01    3     1 2  0 0  0 0
    30  -1.4433756729740646E-01    3     0 3  0 0  0 0
    31  -4.3301270189221941E-01    3     2 0  1 0  0 0
    32  -8.6602540378443882E-01    3     1 1  1 0  0 0
    33  -4.3301270189221941E-01    3     0 2  1 0  0 0
    34  -4.3301270189221941E-01    3     1 0  2 0  0 0
    35  -4.3301270189221941E-01    3     0 1  2 0  0 0
    36  -4.3301270189221941E-01    3     2 0  0 1  0 0
    37  -8.6602540378443882E-01    3     1 1  0 1  0 0
    38  -4.3301270189221941E-01    3     0 2  0 1  0 0
    39  -8.6602540378443882E-01    3     1 0  1 1  0 0
    40  -8.6602540378443882E-01    3     0 1  1 1  0 0
    41  -4.3301270189221941E-01    3     0 0  2 1  0 0
    42  -4.3301270189221941E-01    3     1 0  0 2  0 0
    43  -4.3301270189221941E-01    3     0 1  0 2  0 0
    44  -4.3301270189221941E-01    3     0 0  1 2  0 0
    45  -4.3301270189221941E-01    3     2 0  0 0  1 0
    46  -8.6602540378443882E-01    3     1 1  0 0  1 0
    47  -4.3301270189221941E-01    3     0 2  0 0  1 0
    48  -8.6602540378443882E-01    3     1 0  1 0  1 0
    49  -8.6602540378443882E-01    3     0 1  1 0  1 0
    50  -4.3301270189221941E-01    3     0 0  2 0  1 0
    51  -8.6602540378443882E-01    3     1 0  0 1  1 0
    52  -8.6602540378443882E-01    3     0 1  0 1  1 0
    53  -8.6602540378443882E-01    3     0 0  1 1  1 0
    54  -4.3301270189221941E-01    3     0 0  0 2  1 0
    55  -4.3301270189221941E-01    3     2 0  0 0  0 1
    56  -8.6602540378443882E-01    3     1 1  0 0  0 1
    57  -4.3301270189221941E-01    3     0 2  0 0  0 1
    58  -8.6602540378443882E-01    3     1 0  1 0  0 1
    59  -8.6602540378443882E-01    3     0 1  1 0  0 1
    60  -4.3301270189221941E-01    3     0 0  2 0  0 1
    61  -8.6602540378443882E-01    3     1 0  0 1  0 1
    62  -8.6602540378443882E-01    3     0 1  0 1  0 1
    63  -8.6602540378443882E-01    3     0 0  1 1  0 1
    64  -4.3301270189221941E-01    3     0 0  0 2  0 1
    65  -8.6602540378443882E-01    3     1 0  0 0  1 1
    66  -8.6602540378443882E-01    3     0 1  0 0  1 1
    67  -8.6602540378443882E-01    3     0 0  1 0  1 1
    68  -8.6602540378443882E-01    3     0 0  0 1  1 1

 asin    :  R, NV =   6, MO =  3, NP =   0, PO =  1, NO =   3 3  2 2  1 1
 *******************************************************
     I   COEFFICIENT             ORDER   EXPONENTS
     1   5.2359877559829882E-01    0     0 0  0 0  0 0
     2   1.0000000000000002E+00    1     1 0  0 0  0 0
     3   1.0000000000000002E+00    1     0 1  0 0  0 0
     4   1.0000000000000002E+00    1     0 0  1 0  0 0
     5   1.0000000000000002E+00    1     0 0  0 1  0 0
     6   1.0000000000000002E+00    1     0 0  0 0  1 0
     7   1.0000000000000002E+00    1     0 0  0 0  0 1
     8   1.6653345369377348E-16    2     2 0  0 0  0 0
     9   3.3306690738754696E-16    2     1 1  0 0  0 0
    10   1.6653345369377348E-16    2     0 2  0 0  0 0
    11   3.3306690738754696E-16    2     1 0  1 0  0 0
    12   3.3306690738754696E-16    2     0 1  1 0  0 0
    13   1.6653345369377348E-16    2     0 0  2 0  0 0
    14   3.3306690738754696E-16    2     1 0  0 1  0 0
    15   3.3306690738754696E-16    2     0 1  0 1  0 0
    16   3.3306690738754696E-16    2     0 0  1 1  0 0
    17   1.6653345369377348E-16    2     0 0  0 2  0 0
    18   3.3306690738754696E-16    2     1 0  0 0  1 0
    19   3.3306690738754696E-16    2     0 1  0 0  1 0
    20   3.3306690738754696E-16    2     0 0  1 0  1 0
    21   3.3306690738754696E-16    2     0 0  0 1  1 0
    22   3.3306690738754696E-16    2     1 0  0 0  0 1
    23   3.3306690738754696E-16    2     0 1  0 0  0 1
    24   3.3306690738754696E-16    2     0 0  1 0  0 1
    25   3.3306690738754696E-16    2     0 0  0 1  0 1
    26   3.3306690738754696E-16    2     0 0  0 0  1 1
    27   1.6653345369377348E-16    3     3 0  0 0  0 0
    28   4.4408920985006262E-16    3     2 1  0 0  0 0
    29   4.4408920985006262E-16    3     1 2  0 0  0 0
    30   1.6653345369377348E-16    3     0 3  0 0  0 0
    31   4.4408920985006262E-16    3     2 0  1 0  0 0
    32   8.8817841970012523E-16    3     1 1  1 0  0 0
    33   4.4408920985006262E-16    3     0 2  1 0  0 0
    34   4.4408920985006262E-16    3     1 0  2 0  0 0
    35   4.4408920985006262E-16    3     0 1  2 0  0 0
    36   4.4408920985006262E-16    3     2 0  0 1  0 0
    37   8.8817841970012523E-16    3     1 1  0 1  0 0
    38   4.4408920985006262E-16    3     0 2  0 1  0 0
    39   8.8817841970012523E-16    3     1 0  1 1  0 0
    40   8.8817841970012523E-16    3     0 1  1 1  0 0
    41   4.4408920985006262E-16    3     0 0  2 1  0 0
    42   4.4408920985006262E-16    3     1 0  0 2  0 0
    43   4.4408920985006262E-16    3     0 1  0 2  0 0
    44   4.4408920985006262E-16    3     0 0  1 2  0 0
    45   4.4408920985006262E-16    3     2 0  0 0  1 0
    46   8.8817841970012523E-16    3     1 1  0 0  1 0
    47   4.4408920985006262E-16    3     0 2  0 0  1 0
    48   8.8817841970012523E-16    3     1 0  1 0  1 0
    49   8.8817841970012523E-16    3     0 1  1 0  1 0
    50   4.4408920985006262E-16    3     0 0  2 0  1 0
    51   8.8817841970012523E-16    3     1 0  0 1  1 0
    52   8.8817841970012523E-16    3     0 1  0 1  1 0
    53   8.8817841970012523E-16    3     0 0  1 1  1 0
    54   4.4408920985006262E-16    3     0 0  0 2  1 0
    55   4.4408920985006262E-16    3     2 0  0 0  0 1
    56   8.8817841970012523E-16    3     1 1  0 0  0 1
    57   4.4408920985006262E-16    3     0 2  0 0  0 1
    58   8.8817841970012523E-16    3     1 0  1 0  0 1
    59   8.8817841970012523E-16    3     0 1  1 0  0 1
    60   4.4408920985006262E-16    3     0 0  2 0  0 1
    61   8.8817841970012523E-16    3     1 0  0 1  0 1
    62   8.8817841970012523E-16    3     0 1  0 1  0 1
    63   8.8817841970012523E-16    3     0 0  1 1  0 1
    64   4.4408920985006262E-16    3     0 0  0 2  0 1
    65   8.8817841970012523E-16    3     1 0  0 0  1 1
    66   8.8817841970012523E-16    3     0 1  0 0  1 1
    67   8.8817841970012523E-16    3     0 0  1 0  1 1
    68   8.8817841970012523E-16    3     0 0  0 1  1 1
